Image name,0,0.063,0.125,0.17999999999999999,0.25,0.29999999999999999,0.35499999999999998,0.42499999999999999,0.5,0.70999999999999996,1,2,4,8
R01_A,0,1.579994102228224,0.29998280163372004,0.45255120092974993,6.6424627989684248,7.0376263243143669,9.2152136994477836,8.5439443031998543,9.0826106089407617,18.962468568782157,33.36155972979757,1.6385806152819007,0.60927429863612903,2.5737309478393664
R01_B,0,1.1450939984063238,2.1489329306482969,0.35736680334539572,5.5997873940536858,7.6876388897514678,10.528726628224835,12.077282017318192,30.395382929089038,0.18024569740886201,20.437390558563411,8.267450171097348,0.47945292455578287,0.69524905753733479
R01_C,0,0.20146577271255139,4.694772138321782,7.3368711227203454,7.1852849284440188,8.7232992344447471,12.517224372747176,10.213374792798662,11.688661452565681,0.2179559695249795,24.972877754220661,10.383142995913303,0.78147418129260615,1.0835952842934962
R01_D,0,1.3447419226610235,2.796024180035781,6.2552354434453648,5.7068133274536397,8.2650870616742242,12.096733044509062,12.152304321406294,20.465637472047828,0.1845001090210186,22.499876811450022,6.5906791060403922,0.81693342633133748,0.82543377392400774
R02_A,0,1.0785643786106993,2.6459821595533186,4.9333581698419184,6.6029344909944481,5.981999779033953,10.98937952644375,12.111781201814983,25.516778579143068,0.17101318266005763,21.980478657713711,6.1679912204993848,1.0428639961815118,0.77687465750919449
R02_C,0,0.61289979010327633,1.3963095661877165,3.9045983811142082,4.5904645214149937,5.6429428121950416,12.320693039612264,15.296014426448206,0.30413043837309878,28.073181592842385,19.911030487840446,6.5281417079022575,0.56160903707170073,0.85798419889441557
R02_D,0,0.084046007397923742,0.26713288548222625,0.73070094546582032,7.6435232295853455,13.142468671662661,19.404288073301881,20.723769452813741,0.23861954157514495,0.29152855144668011,25.442506374967554,9.6589762539133197,1.1056691839790491,1.2667708284086521
R03_B,0,1.0789643174623891,2.7570993208867045,6.1676292486223829,6.8444553824241057,8.1672093624577453,1.2917093790301257,12.327125051585828,0.13336680090784228,24.572795175093006,26.763784181685445,8.2480548169459684,0.85600217491510455,0.79180478798333265
R03_C,0,0.9450023926834783,2.4915848379249979,0.29808514389501478,5.7133518518903488,8.4125374064481502,12.420954348183093,15.106055124041951,0.24964638793004904,23.083389430692989,21.803592780600685,7.4721606983290449,0.93017950298045737,1.0734600943997463
R05_B,0,0.92922020044040465,2.090393132482526,5.4048673676835097,4.6562187030588094,6.3523841621829433,0.62755363924421881,14.390005817096826,0.26607076407414254,34.027995603869485,21.561330539095042,7.8624704535750807,0.65600191038363276,1.1754877068133973
R05_C,0,0.62865126060173182,1.6624460598196722,0.29131289599694971,4.5898330049640697,6.9723127720045897,10.998525056021192,13.792517892795846,34.3953200587476,0.21270897719188964,18.584739673023694,6.5261119107876882,0.61639696446621051,0.72912347357885898
R07_A,0,1.9218174273176796,5.4485378890777376,8.0211224139386008,8.2945828198346465,8.5080123770547544,10.106406282789274,9.1356376355537883,9.445217959366861,0.19152262679582097,27.5106399820855,9.5997465834900346,0.78837567011843579,1.0283803325768839
R07_B,0,1.6189875856260754,4.3102984427490494,8.7547941637737576,6.37724468483544,8.8679612967963379,10.94124780806046,10.380633633451684,11.724292750586075,0.22459084538803356,26.368243001594649,8.888707399203895,0.64193279822371896,0.90106558971081507
R07_C,0,1.9618240231259088,4.7774071410050345,8.7370909981990881,7.7737034241235712,8.2934539321732483,11.745833605772882,10.833390720682933,10.681170570980273,0.21057091041030812,23.627049604454054,9.7096946564304645,0.68027104662484439,0.96853936601738799
R07_D,0,2.0847053212131974,5.5240014537170685,8.5862057351236167,7.56840721050719,9.283775177491485,11.18317332471317,11.39812030985672,10.448854840719118,0.20339487291528421,24.065941401613539,7.768735871581181,0.90242980511526827,0.98225467543315936
R07_E,0,1.6434350562324309,3.9724137729124984,7.7665434730160303,7.4538682094605662,8.942413573145501,12.700310413699951,12.010974182755788,11.075536234899074,0.19662519033631529,22.634438540174973,9.8693973829941477,0.68623755314017065,1.0478064172325521
R08_A,0,2.8026058975561594,4.9435399183788595,8.7765114950657885,7.2010525327326826,9.2047395877002209,10.613308385915763,10.806613682337114,11.256617027764989,0.23436861186060548,22.498310079710514,9.8658418407946566,0.67604045229272058,1.1204504878899137
R08_B,0,2.3425821870870251,5.6765722822914855,8.3335950121550475,8.5356618267949464,9.783775758938825,10.229291009599066,10.728015823413891,10.03397074017724,0.17933018204966006,24.396581532189778,7.8312114383816729,0.99817586999791463,0.93123633692344443
R08_C,0,2.8779840875334077,6.3116563974506086,9.1294232850384258,8.1041917934062297,8.9118914544767946,10.393095562167701,10.392860459963192,9.9431944013206426,0.19252467407533266,24.057130765083969,7.5955194379093367,1.0847516021423937,1.0057760794319728
R08_D,0,2.4188942548923156,5.6133844963661721,8.6245841456858603,8.000539973560544,8.3984044051485167,12.23779928459899,11.220462113165777,10.581261280619596,0.2048362835295984,20.419077614419077,10.663195041268949,0.71076582243435515,0.90679528431025036
R08_E,0,2.6902867763837346,5.4492085162078849,9.1092501555086667,7.7594387990385556,8.0598588220432887,10.496403301441255,11.574812045004361,10.983292067898965,0.22542050810496378,21.05123215827409,10.705224242953818,0.89042920645620183,1.0051434006842201
R09_A,0,0.19833958046657987,5.9408803768844569,10.45454521747201,8.4997021592531716,8.57782824193362,10.757809401726446,10.356776469318506,9.9182495290530603,0.20948785229710923,24.406353004781771,8.4509700615287748,1.2718140126056081,0.95724409267891231
R09_B,0,2.7441233055951102,6.0662205172166299,9.0771984509683321,7.5231781008816352,8.6007282750125409,10.577035018424816,10.282503122343616,9.5801580170837841,0.20158230167924748,22.683005120585211,10.589150378825941,1.10106890243335,0.97404848894980178
R09_C,0,2.5356395860229823,5.4188925959740422,8.325675576952678,7.0937721638542826,8.5159183266984417,9.4131618740113652,10.194891402579479,9.6853310678227125,0.19626539587107553,27.9352164297907,8.3293067629441921,1.2503499507676807,1.1055788667103827
R09_D,0,2.6914127679355406,5.1393074856382084,8.1594710114500568,8.6494947385018239,8.6449570674554295,12.224638569332001,10.66427769771272,11.041415826155724,0.20563176523666274,23.147872962683984,7.4239662035962137,0.97561220558259354,1.0319416987190311
R10_A,0,1.7459678694264502,4.4630187326075337,10.353612710047019,8.2187418984162566,8.9207300537757632,12.430444398857858,13.302672505633081,11.973098355626062,0.22878939006233867,23.978811824883508,2.6174770393724898,0.65095852383375463,1.1156766974578947
R10_C,0,2.3235581014395739,6.2546133230864607,7.9324893515680017,6.9390802711379793,8.6315992571647886,11.233444046450948,11.686072516395123,10.651559119580257,0.22984208177492249,21.906243758094242,10.546599989987362,0.66516411892763527,0.99973406439269863
R10_D,0,2.863556427449744,5.7487726960858865,8.3327837342736544,6.8508829771161253,8.5282586405920995,10.355161678724896,9.3141352736086542,9.1695592311077316,0.18712080671801642,25.670334993924548,10.64576242550773,1.3391603891388022,0.99451072575211019
R10_E,0,2.3481680605387605,4.4908329852797015,7.9073083176713341,7.3655361261262371,7.7921922457923412,10.397302203435849,9.9770433813356281,11.793812193956546,0.23564181816987168,27.98863905274241,2.3723272755407141,0.81816051861164851,6.5130358207989598
