Image name,0,0.063,0.125,0.17999999999999999,0.25,0.29999999999999999,0.35499999999999998,0.42499999999999999,0.5,0.70999999999999996,1,2,4,8
R1_A1.jpg,0,5.9167152269638335,10.255749873570693,12.508106330676869,7.0681156349173211,4.9265766857005167,4.2594935915865815,3.0084819365863966,3.582516083858815,5.5898444791554498,16.634484969561182,16.522737351860791,7.4805260298768523,2.2466518056847078
R1_A1.jpg; T=120,0,3.6011468211373154,5.7115354678006032,7.3431507482252183,5.1503862443772217,4.7135298397696985,5.4549434515403572,4.4062331409012394,7.5703137870440926,5.6301762408065201,8.4867155320788115,14.895185116666687,16.507622550989097,10.529061058663149
R1_A1.jpg; T=135,0,3.9847578175964902,6.1025831001335931,7.5912113478077874,5.1611213127157871,4.5958468711259339,5.1706718542605614,4.1267186156169018,7.2532284445513424,5.7161378409641621,8.415843158169146,13.909886662463407,16.666377141679991,11.305615832914894
R1_A1.jpg; T=150,0,3.8747800902502494,5.9095801042863725,7.3924890592846442,5.0877687439817718,4.6141278493794626,5.292929048809218,4.2587293745400805,7.4339833845054102,5.8244645521370604,7.2111330501115756,14.072329611671364,15.646749998151215,13.380935132891569
R1_A1.jpg; T=180,0,4.2449002990913085,6.4497630568264173,7.9908638472969518,5.3538218488918936,4.674277568120945,5.1245677815641519,3.9358095941152729,6.5912325576934423,5.6765907714063824,10.754807199010827,14.322383604395899,14.933541764156699,9.9474401074298182
R1_A1.jpg; T=210,0,3.7401718691505921,5.8309072177015624,7.4800620218517455,5.2080604675057867,4.7312741603554542,5.4481352512627055,4.4076428357841131,7.5727536094157113,5.7710864596576776,7.1408707395451225,12.890292786450276,15.249470727528561,14.529271853790696
R1_A1.jpg; T=225,0,3.6747307839657051,5.8378090769302364,7.5005654611489199,5.216746939843957,4.7387955129671733,5.430018313663024,4.3714605465804146,7.5522517587245188,5.7763293077989832,7.2421589328504368,12.360878619116368,15.322321748396625,14.975932998013651
R1_A1.jpg; T=240,0,3.4809801977917965,5.5148450566159655,7.1241267547116518,5.0067306486179985,4.60528610826975,5.4064591176927221,4.4514986156003964,7.8565866464710821,6.0181013433643651,8.156838642144919,13.890138940922133,16.501608769513744,11.986799158283475
R1_A1.jpg; T=270,0,3.7845475534103312,6.0523418281900616,7.7673212830698874,5.3306246352233533,4.7473053956352995,5.295354803853682,4.1194985507976583,6.8187193944532796,5.6691059604404952,12.02440831935662,16.275861108277017,15.060718563345905,7.0541926039463929
R1_A1.jpg; T=30,0,3.7439480596412791,5.8257878620042964,7.4628805236873825,5.1983492001428981,4.7201583217722405,5.43185872005487,4.3952218569981172,7.5922892357649614,5.8040888783750519,7.1149826724506724,12.89402675923022,15.276137415303486,14.54027049457453
R1_A1.jpg; T=300,0,3.6012085092884645,5.7115606513073311,7.3431610293606138,5.1503896076415279,4.7135216476199666,5.4549309298396711,4.4062348117895116,7.5703247177157458,5.63018145565559,8.4865454893720251,14.895059722659864,16.508198626098341,10.528682801651344
R1_A1.jpg; T=315,0,3.9849918015950174,6.1027384381051322,7.5912942657221505,5.1611366422870635,4.5958357613995808,5.1706352083598004,4.1266636696579999,7.2530218033351597,5.7159643475472324,8.4159317347328759,13.909897632295403,16.66627196118365,11.305616733778924
R1_A1.jpg; T=330,0,3.9000469220134781,5.9288566456068921,7.3758149356280152,5.0618108630130454,4.5955995189523771,5.278583839620568,4.2485728339495372,7.4391222871618865,5.8594766725584186,7.1990394712503107,14.025024078305586,15.589949057236,13.498102874703903
R1_A1.jpg; T=360,0,4.2435726394196838,6.4473932255142472,7.9860925342316298,5.3529488452570524,4.6735842851004383,5.1240488750635489,3.9372837852728129,6.5953427187153872,5.6781607784440196,10.815625404017467,14.30148149194294,14.87480498532584,9.9696604316949244
R1_A1.jpg; T=45,0,3.6751223975686185,5.8380739104949821,7.5007143559973022,5.2167804329120901,4.7387889556041971,5.429965626308551,4.3713650319893436,7.551920861350589,5.7759722450851276,7.2423780021671567,12.360921431951789,15.322215105919785,14.975781642650466
R1_A1.jpg; T=60,0,3.481076799293791,5.5148963616357385,7.1241535609566125,5.0067381974885423,4.6052826929129846,5.4064537836197735,4.4514975524379201,7.8565255286875626,6.0180613157779685,8.1566926629319916,13.889863898518778,16.501452678206253,11.987304967532086
R1_A1.jpg; T=90,0,3.7765871910808144,6.0464663211517964,7.767150790671848,5.3356686809413016,4.7545297427307442,5.3053083897614632,4.1263595346976985,6.819058942439356,5.6571845704053922,11.904846727984244,16.298279027540485,15.196493268682756,7.0120668119121072
R1_A2.jpg,0,6.0624851254634935,10.210675446864297,12.163055659128199,6.8277948319267079,4.7900299181433343,4.2357560278916147,3.0440200543400535,3.6548228497780921,5.8223100473256251,15.997988588588946,16.636924720141035,8.5758828697137215,1.9782538606948656
R1_A2.jpg; T=120,0,3.7475038709545445,5.7977323311618374,7.3095868582451056,5.0588956549216055,4.5716647089979148,5.2687255983611863,4.2814872987542181,8.0977063646822742,5.7126590688558645,7.2977750325286124,12.393904334703688,15.626436708567962,14.835922169265178
R1_A2.jpg; T=135,0,3.876653478332301,5.9875550115864806,7.5296813732498631,5.1654192304083573,4.6282659303015485,5.2522528257454448,4.1912400453801855,7.8101333189917588,5.4750124317476434,8.1952663162410548,13.370661294060119,14.770065926811354,13.747792817143898
R1_A2.jpg; T=150,0,3.8506822146892334,5.8058603595199649,7.2254225876137905,4.9477213967338223,4.4552862124625943,5.1059544262822376,4.1489651000081107,8.1538859241996775,5.8652344010145674,7.1422581686848634,13.258603856290692,17.236534492208872,12.803590860291573
R1_A2.jpg; T=180,0,4.1106764227483996,6.2950407596533102,7.8003387673393805,5.2224804622811156,4.5679657149792625,5.0395523465780263,3.9202705132149873,7.2763660019753083,5.5628100039885986,10.248383988655533,15.169459853518685,14.870775128318769,9.9158800367486197
R1_A2.jpg; T=210,0,3.7307906368936559,5.7428200895248516,7.2511886232089289,5.049142947128928,4.5874759929337801,5.2691071813158379,4.2916596209280486,8.2464304671422806,5.8447035992209813,7.2648550214858485,12.257480311702947,14.966402757796773,15.497942750717142
R1_A2.jpg; T=225,0,3.623873099851207,5.7498912852666448,7.3650392943458067,5.1337757516738796,4.6497233059800074,5.3365950941833402,4.290263195970943,8.0250359576564954,5.6408040375692945,7.1323113067357129,12.642830488531487,15.269692055975554,15.14016512625961
R1_A2.jpg; T=240,0,3.4923357577222216,5.5298887634510674,7.1458713513154626,4.9783034546816944,4.5386303665253829,5.2942140651101939,4.3593443770208449,8.4535257672676725,5.9113137816208656,7.179497628981939,13.628555445333934,15.511105701138225,13.977413539830488
R1_A2.jpg; T=270,0,3.8013653574259627,5.9748843856557148,7.6039892220029497,5.2383513456007043,4.6822098894558639,5.2425959679594865,4.0738224572062052,7.3826562734868499,5.5558535984649025,12.786236531375463,17.261172573583522,13.681135178771402,6.7157272190109811
R1_A2.jpg; T=30,0,3.7182207961737865,5.7427906755159066,7.2639058137956098,5.0551064322873698,4.5966676642821325,5.2964553302294073,4.3163836583018709,8.2378847986302794,5.8198995906771582,7.1884439017810067,12.231617169813742,14.985530412806595,15.547093755705143
R1_A2.jpg; T=300,0,3.7473746141030557,5.7976508037474392,7.3095320542361604,5.0588777715712805,4.5716593925774571,5.2687338508713308,4.2815072295753254,8.0977861966938356,5.7127585861974941,7.2979360229811165,12.394145031673981,15.626699655393148,14.835338790378398
R1_A2.jpg; T=315,0,3.8763074202301748,5.987317377524592,7.52953774355184,5.1653762938465242,4.6282603427353992,5.2522955527343687,4.1913265838273963,7.8104652672376833,5.4753155545388932,8.1951365798239006,13.37064936938315,14.770044964980675,13.747966949585392
R1_A2.jpg; T=330,0,3.8495315545160023,5.8148692834489841,7.2462808785612953,4.9537728611404379,4.4517672302013516,5.1014579688349393,4.1486647939578711,8.1559287746826907,5.8374403787150566,7.1268310129633958,13.245948874320151,17.297651292485419,12.769855096172398
R1_A2.jpg; T=360,0,4.1159720887712909,6.3005531681645799,7.7952012285357242,5.2132733924650463,4.5595856405285993,5.0314166545271393,3.9172545433761834,7.2856754464771978,5.5775398585278273,10.252789702416525,15.172587071849804,14.828774063518772,9.9493771408413174
R1_A2.jpg; T=45,0,3.6240274026977022,5.7499642577621168,7.365051909579881,5.1337627647222739,4.6497172147448005,5.3365674107759169,4.2902024169093584,8.0249149115453751,5.6407869003452644,7.1323911721788464,12.642852324467796,15.269701768947147,15.140059545323531
R1_A2.jpg; T=60,0,3.4923782310925802,5.529905327059085,7.1458732906434772,4.9782970062474394,4.5386207907387144,5.2941890520550876,4.3593188619913565,8.4535595130364438,5.9113714066617487,7.1795018178990384,13.628576977200002,15.511363579752938,13.977044145622077
R1_A2.jpg; T=90,0,3.8004238627745699,5.9728920514030115,7.6050105529142318,5.2395079609653168,4.6823539728218382,5.2426300004497435,4.0747274768446058,7.3837717619855709,5.5568511050910017,12.729951546057396,17.249117115951687,13.701842639296277,6.7609199534447537
R1_A3.jpg,0,5.6019984789770749,12.969271714014745,9.008617804867356,6.9050409714436958,4.8598914872225594,4.2327072647637349,2.9803823497902355,4.1909550387268064,5.4082060876224993,16.324303218492535,17.144339330127814,8.3836859807486039,1.9906002732023376
R1_A3.jpg; T=120,0,3.6014101706647903,7.31073533594164,5.1743370305876795,4.7984249425228533,4.3704185983700494,5.0867099748544033,4.2098857207305533,8.4201917018521293,6.3479122456252339,8.114811873262342,13.420103442524967,15.336532907738805,13.808526055324535
R1_A3.jpg; T=135,0,3.765535594165355,7.5934374606388575,5.386062332469252,4.9270739599307998,4.4243301265546133,5.0875831901679032,4.1288857935821017,8.0790302726043741,6.0212413870105337,7.1978632465797219,12.96000977983412,16.745564473408884,13.683382383053491
R1_A3.jpg; T=150,0,3.6814449847424848,7.3451479175482222,5.1885172157303217,4.7553287380375169,4.3243905409683849,5.0309675409380379,4.1564400670318724,8.3672652373497076,6.3539971684657539,7.0144183816059824,13.961904510771895,16.886838743473852,12.933338953335983
R1_A3.jpg; T=180,0,4.0744259159912817,8.0000732985319321,5.556223534743717,5.0628642864852615,4.4681741130707904,4.9731124378723015,3.9175805676494591,7.3931869541888666,6.0312051990808833,10.568992451497836,13.617086216328499,15.115734030549064,11.221340994010117
R1_A3.jpg; T=210,0,3.7360034276424798,7.3552399674114834,5.0763813891131244,4.7030835404168227,4.3091515047819522,5.0339880928852461,4.1665599904290715,8.4437019490153276,6.4365872537479829,6.8755801123708835,12.393720439617246,16.578597888286367,14.891404444282026
R1_A3.jpg; T=225,0,3.5804137566825744,7.3204330505832766,5.262497252749033,4.9178170959351686,4.5054806941156693,5.2248884586793594,4.2531318594810612,8.259313963347017,5.9331016415927698,7.3262555439617616,13.28893297285677,16.594385069003746,13.533348641011793
R1_A3.jpg; T=240,0,3.3560210639419807,6.9535822469128954,5.0805914876570295,4.8107312162674365,4.4614805340960402,5.2874099013167815,4.4012697306586466,8.7044992735956388,6.2172642786594521,6.9309324948241882,13.114176800861385,16.631915494996832,14.050125476211688
R1_A3.jpg; T=270,0,3.6502366702661013,7.638298094253031,5.5066228350224602,5.100733209866001,4.6006051684463785,5.2172205077571778,4.1099720474787063,7.5617990680342606,5.801061907025133,12.409564172025895,15.802110853218627,14.679872042626965,7.9219034239792681
R1_A3.jpg; T=30,0,3.7193625123876513,7.3297592529494349,5.0736721716594113,4.7159782326365196,4.327871191459022,5.0628209566510751,4.1881014367847431,8.448723651096973,6.4061874476825524,6.8035556789400324,12.355422629571033,16.652254297102562,14.916290541078975
R1_A3.jpg; T=300,0,3.6013617315104813,7.3107019785371348,5.1743332200928043,4.7984241809552124,4.3704212526486748,5.0867139785781674,4.2098955628171213,8.4202735060308047,6.347957481104312,8.1150245772937151,13.419952939334252,15.336826512227152,13.808113078870154
R1_A3.jpg; T=315,0,3.7652641022766362,7.5931854842142466,5.3859763666228702,4.927041322250127,4.4243293314814336,5.087614463159059,4.12894743826085,8.0792834871474977,6.0214794577832613,7.1978559624165426,12.959856027057095,16.745352179391819,13.683814377938573
R1_A3.jpg; T=330,0,3.6849781891740769,7.363027781162808,5.2017735611653038,4.7556680681631676,4.3183438185634193,5.0257239255137955,4.1532754108700534,8.3398376578265996,6.3570040589947316,7.023785079867487,14.003738197952414,16.853829390227528,12.919014860518608
R1_A3.jpg; T=360,0,4.0773382169297419,8.0028074179925213,5.5530948361885146,5.058558694345491,4.4674521715542568,4.9746297170185612,3.9181059570863521,7.3984702886647025,6.0284304040219867,10.521890494794848,13.686990240836856,15.130966645961379,11.1812649146048
R1_A3.jpg; T=45,0,3.580081220957211,7.3201449507615033,5.2624068514435463,4.9177815636669804,4.5054676118627244,5.2249445575571851,4.2532250569695371,8.2596385772415868,5.9334752935956239,7.3259354469756737,13.288600545918069,16.594154976826232,13.534143346224125
R1_A3.jpg; T=60,0,3.3559008821270733,6.9535055019552505,5.0805674802695515,4.8107360734129765,4.4614876871971907,5.287423144457434,4.4012949186206747,8.7045455633065227,6.2174068997401868,6.9305779334970792,13.113881869160414,16.632170201595311,14.05050184466033
R1_A3.jpg; T=90,0,3.6472188558704079,7.6345700474397455,5.5046324775197473,5.0997903312593875,4.5985271197172324,5.2140392303240635,4.1079262336785565,7.5668195511235412,5.8096983888339429,12.402247655382904,15.791134943195699,14.66139226534901,7.9620029003057686
R1_B1.jpg,0,2.4647367542925585,6.7464355317524864,12.822608543337786,9.6560708438224534,7.2927823911124676,5.6123504635525308,3.0761449513899977,3.7556297927177016,6.112881919147787,15.357857508628245,15.422041717217665,8.230396343534693,3.4500632394936321
R1_B1.jpg; T=120,0,2.6767919987712041,4.9056560791911084,7.0973313084020564,5.3433505958716045,5.10250502714098,6.0974978121191299,5.0122324775794311,9.0283834727024441,5.1583460240085399,6.3705005629027447,11.189601708858692,14.614591830612641,17.403211101839432
R1_B1.jpg; T=135,0,2.6833366434204859,4.9951568886849316,7.2190688437151325,5.4534976768815042,5.2159479658341645,6.2110471001968124,5.0133710877278714,8.7671222355012635,4.9436347328143677,5.5827246112915638,10.542057350261604,16.041172355678775,17.331862507991517
R1_B1.jpg; T=150,0,2.7952067451495042,5.0870484351469107,7.3610197396895325,5.5155223002089606,5.2375251369029936,6.2018467627028038,5.0708803878219184,9.036623622472213,5.1325598204225011,6.4411758288883423,10.248862800520907,14.958962049375891,16.912766370697515
R1_B1.jpg; T=180,0,3.3739133633620604,5.9576044569252948,8.1807473752803332,5.7892858529061568,5.2065372234450837,5.7401761784788405,4.3010660084018815,7.2002039593918523,4.7029314471973986,9.008943269775763,11.651579340083098,14.573134583024787,14.313876941727438
R1_B1.jpg; T=210,0,3.045254470549005,5.4072136654751111,7.4983966375333306,5.4970570269699595,5.1690841765680027,6.075683943884207,4.8903803259775964,8.5680824914596965,4.8652039055314154,6.0495802207167175,9.775167244981759,15.488911755728161,17.669984134625036
R1_B1.jpg; T=225,0,3.1345706745587605,5.4516752650678466,7.5171144912001155,5.4773630323710982,5.0907733086516753,5.894714846691457,4.7137581210792545,8.2299063938406203,5.0826268665969181,6.4012229006376469,11.011556804731949,15.159118298255427,16.835598996317234
R1_B1.jpg; T=240,0,2.9560544379479423,5.2053878249351833,7.3678653021530769,5.4792608276328636,5.1722622775754967,6.1124407363173354,4.9466483906056364,8.6511680424376802,4.9258221845774504,6.2533726136208179,11.138942393797679,15.007534594066898,16.783240374331939
R1_B1.jpg; T=270,0,2.8450138459687251,5.2742276653061415,7.7342940027780793,5.7772757742688325,5.3779374507754554,6.1199040971737135,4.6504080739738569,7.5006026315431349,4.5272314990346931,11.534027388447759,13.798260350319072,14.704825617376661,10.155991603033854
R1_B1.jpg; T=30,0,2.9968547529086651,5.3449427538699332,7.4733295150916064,5.5220869302012048,5.2184271245562055,6.1458730785510456,4.9372558084498568,8.5997948345154764,4.826326464929191,6.0039276083411481,9.7818235070755559,15.469505452592051,17.679852168918067
R1_B1.jpg; T=300,0,2.6766815590656994,4.9056085732202837,7.0973102597393503,5.3433644062320473,5.102520854812437,6.0975146343605875,5.0122565691175005,9.0284431516096362,5.1583957311059878,6.3705558318437339,11.189596165418287,14.614456904441669,17.403295359032793
R1_B1.jpg; T=315,0,2.682953468116696,4.9949227915353891,7.2189385597068227,5.4534489534043065,5.2159258945395335,6.2110915275125862,5.0134738639133891,8.7674942773440669,4.9439291647311281,5.5828334723926565,10.542440665133627,16.04096625621866,17.33158110545115
R1_B1.jpg; T=330,0,2.8205482976715697,5.1183041321302074,7.3960216708669364,5.5234855858379088,5.2263139626547028,6.1737384428733622,5.0429240219754004,8.991823232027599,5.1273544687828139,6.4721173829014873,10.287869047501221,14.995091741245986,16.8244080135308
R1_B1.jpg; T=360,0,3.3696472682771419,5.9526800290260775,8.1772087005325638,5.789325369199803,5.2071467647190408,5.7416386856270485,4.3026494368169681,7.1957763160986401,4.6999194904925625,9.0221982389172606,11.675814242722836,14.658092073170485,14.207903384399572
R1_B1.jpg; T=45,0,3.1356013890609562,5.452364253736051,7.5175330611328306,5.4774988543488332,5.0907977102561288,5.894592641015433,4.7134929695484153,8.2288905894777908,5.0817521633948184,6.401734428003893,11.01180764424817,15.159564811771956,16.834369484004725
R1_B1.jpg; T=60,0,2.9563422709565841,5.2055419197414281,7.367938939996864,5.4792747909717621,5.1722560239998945,6.1124018672617719,4.9465742410175659,8.6508890487113437,4.9256353127832719,6.2534326028048035,11.139152698654199,15.007682337996659,16.782877945103859
R1_B1.jpg; T=90,0,2.8513107679936764,5.2795528756338141,7.7361891483168757,5.7777640362133829,5.3772895366708831,6.1170683364058123,4.6470447441087535,7.4976806497228656,4.5272764123334133,11.516685549339336,13.791275706249328,14.689360189313195,10.191502047698659
R1_B2.jpg,0,1.7636374791323348,3.4748890154557595,9.2185844185873727,9.8447589543435736,12.429686263387019,7.7768859678139695,3.62681645049136,3.7463521113735569,6.2699274433694514,15.229534831633739,15.42259401558764,7.5904499664201177,3.6058830824041079
R1_B2.jpg; T=120,0,2.9410634915753997,3.7437221481977896,5.825589864938487,4.7272895034194384,6.3850114210549727,6.056766326918253,5.1980144470584317,10.222518639984644,5.3440779137606738,6.4145884041435037,10.582177752776772,15.264654155452289,17.294525930719338
R1_B2.jpg; T=135,0,2.1797213277749092,2.9943767089987832,5.0874287808983754,4.4716889382387004,6.4513168057937635,6.5200268978030227,5.9019482531897269,11.707246661964586,5.400501243951993,5.8728493517355131,11.064886603440149,15.416450780759636,16.931557645450855
R1_B2.jpg; T=150,0,2.5362225262163784,3.3521290730325717,5.4550989882855765,4.6374601803413871,6.4955064474225583,6.3700925549966048,5.6378582781583395,11.386890888124693,5.6308266343664073,5.7846794752550164,10.709905174438065,14.622661191276126,17.380668588086266
R1_B2.jpg; T=180,0,2.4822966425133921,3.5114839823653567,6.0036208577532735,5.090378992450411,6.9797271545273709,6.5650002018831337,5.401076305701066,9.4510610984599612,4.9282046081229547,8.7073034479627953,12.33608509560646,13.636328890740232,14.907432721913599
R1_B2.jpg; T=210,0,2.9429863965331733,3.7869874193383439,5.9802971655092403,4.8468823038593705,6.5136805324937628,6.1650808430828752,5.3231633137331178,10.554518933581164,5.4588250156323221,5.7047509847867524,10.339988941856973,13.723524386620175,18.659313762972747
R1_B2.jpg; T=225,0,2.3068119471357011,3.1904872463352807,5.3864057718316793,4.6812213720363465,6.5901688938141163,6.4940125060986524,5.7376292765621733,11.137616355533176,5.2549213389581295,5.8514532751991535,10.109132200472523,14.632323446884445,18.627816369138632
R1_B2.jpg; T=240,0,2.4966273546261091,3.3467722586813715,5.5085672696022856,4.6753235345440016,6.5047584285698274,6.3284074372273524,5.5532453408952689,11.054840963446116,5.309149040581624,5.9493209122487727,10.543420551767058,14.774327179490333,17.955239728319878
R1_B2.jpg; T=270,0,3.0485859297426234,4.0385628508137135,6.4329098953219281,5.1855447545800324,6.8362879571521615,6.1950929563146833,4.9318852184304571,8.5443042139454377,4.6997973422790835,10.404139484311454,14.025180856243566,14.550445253828473,11.107263287036377
R1_B2.jpg; T=30,0,2.7831059908388283,3.6324983418822239,5.8432967599308876,4.8187011977255851,6.5508584798553073,6.2654981713809272,5.450556994869137,10.801724743705206,5.4443670791676722,5.7428798410337221,10.305018155859843,13.751079558278567,18.61041468547209
R1_B2.jpg; T=300,0,2.9414146890816522,3.7438439234899081,5.8256549777546986,4.7273326415583901,6.3850443322691381,6.0567642703620708,5.1979685039049768,10.22224996145896,5.3437955348067101,6.4146672662174824,10.58238136349344,15.264681535344286,17.294201000258298
R1_B2.jpg; T=315,0,2.1808035880930383,2.9947556441096439,5.0876017448315789,4.4717515680546436,6.4513844812496295,6.5200649838347982,5.9018891511668921,11.706426375636045,5.3996202158338855,5.8733169186257426,11.065204148637884,15.416599666577476,16.930581513348745
R1_B2.jpg; T=330,0,2.6228183773325453,3.4412504503937238,5.5441292838716736,4.6649293302466397,6.4869860569875994,6.3178981668449365,5.5615038037374953,11.223260172153148,5.6253666479618172,5.7768738852597865,10.652856109297502,14.641771499563706,17.440356216349439
R1_B2.jpg; T=360,0,2.4880764249941665,3.5166350749976885,6.009083429197366,5.0922211411085501,6.9801439137446204,6.5638824582307089,5.3982770086834098,9.442399070530918,4.93027238473947,8.7538945016107128,12.303017806712372,13.522211280735867,14.999885504714165
R1_B2.jpg; T=45,0,2.3067851863477089,3.1904729842184709,5.3863823288252437,4.6811983406958939,6.5901317808487514,6.4939763216901936,5.7376092893800799,11.137649775089526,5.2550299569233339,5.8513854615786576,10.109042507124505,14.632608814446645,18.62772725283099
R1_B2.jpg; T=60,0,2.4966110091089706,3.3467576811086093,5.5085434913931808,4.6752848329079288,6.5047134990838291,6.3283728857581423,5.5532232717632724,11.054864771247942,5.3092721704741503,5.9493062679407487,10.543404909894543,14.774349735252953,17.955295474065736
R1_B2.jpg; T=90,0,3.0404733665501151,4.0302646942625575,6.4273606656896378,5.1855429609902455,6.8398796616312874,6.2005400391746175,4.9365183961800447,8.5460278537533263,4.7010748430067144,10.251803943743527,14.014127702114019,14.595910083512427,11.230475789391454
R1_B3.jpg,0,1.2160145556348585,1.8926169881690351,6.070757314887266,7.1150769351611336,9.9797590615478917,12.249418366512213,7.9995957223399374,4.345380168068842,6.6401738216185464,15.132129319925154,14.654442406061714,8.2990825883927801,4.4055527516806468
R1_B3.jpg; T=120,0,1.3259696782907351,1.9911267155215733,4.7115673200996984,3.6468580360657663,4.2803759596766318,6.3494864745804964,7.9830686186451896,13.432256168985386,6.7569537107725886,6.0427765054474092,10.364351698870626,15.847355833987169,17.267853279056748
R1_B3.jpg; T=135,0,1.2701319378125613,1.9329787230530469,4.6208831583275849,3.6583965013358526,4.3705781110814854,6.5384980375313031,8.1869529466707665,13.396798459969444,6.5811522669158755,6.1589961567042719,10.542344822122411,15.367962615503039,17.374326262972364
R1_B3.jpg; T=150,0,1.2319924613346216,1.877644687388472,4.4755776055057712,3.5139854019515622,4.1996935027778921,6.3399809503989735,8.1195001086742913,14.246061941837466,7.3621191780031205,6.1487118755996244,10.472923286843574,14.407561762752525,17.604247236932114
R1_B3.jpg; T=180,0,0.98366073798951881,1.6533846894516515,4.3232636708536365,3.6387399935576319,4.564689811491462,7.1052070693305076,8.9291921359274617,13.091821869793133,5.9965002533298613,8.7129698672604672,12.324610905647779,13.698560690213739,14.977398305153164
R1_B3.jpg; T=210,0,1.4388092811176767,2.1733329680172897,5.0788715579260773,3.8924990165350639,4.5145192031519645,6.5749914746708775,8.0905451314736716,13.280144116085507,6.7462045629182468,5.6307071614387416,9.6357571794324279,13.515635607244942,19.427982739987527
R1_B3.jpg; T=225,0,1.8656039775570703,2.7014509117833185,6.0119671587749028,4.3411886282594381,4.7413229539407542,6.4534965067526411,7.3956191696844824,11.064131622069716,5.9905017314553426,5.2802844562155569,9.6016730380492135,15.892906241963813,18.659853603493755
R1_B3.jpg; T=240,0,1.8579507413348788,2.6450902967848515,5.8530052018164698,4.218532944073365,4.6204577280173469,6.3385313079173935,7.3625998621458528,11.499260105880095,6.1289164907468692,5.6813530402620485,10.217110494436195,15.924198899920347,17.652992886664272
R1_B3.jpg; T=270,0,1.8758664648608709,2.8342751677995386,6.4868111406085065,4.7538855400997688,5.1781126932759163,6.8330451475937934,7.3191457566047227,9.4721282610744968,5.1684713376313445,10.507452357139938,13.898883346407962,14.565183036334306,11.106739750568844
R1_B3.jpg; T=30,0,1.5309611602231064,2.2827789501437263,5.2709209767697738,3.9871096554005097,4.5697473616751063,6.5719327760211028,7.9799916312919548,12.927031404930165,6.6548602144360975,5.6652878773632622,9.6895508497439824,13.530847724954992,19.338979417046211
R1_B3.jpg; T=300,0,1.3260518612782919,1.9911437067205209,4.7115561907758901,3.6468606590138029,4.2803732925121327,6.3494815585233573,7.9830673789696993,13.432205959063845,6.7568036846847725,6.043104234806691,10.364894757933929,15.846847297094008,17.267609418623053
R1_B3.jpg; T=315,0,1.2704479592584772,1.9330910882173424,4.6209356956172689,3.6583945059955765,4.3705773259885765,6.538516589614785,8.1869654033720813,13.396630265547175,6.5808440253222749,6.1591714564222313,10.542500329426394,15.367995699148651,17.373929656069155
R1_B3.jpg; T=330,0,1.2878036988158379,1.9449075554890638,4.6201521933257714,3.5974264177177933,4.2613718087112495,6.3715583497885406,8.0753165034131928,13.974381389692187,7.2483677619258762,6.1529541658548794,10.501642362826274,14.343507231053676,17.620610561385657
R1_B3.jpg; T=360,0,0.99520579516045082,1.6723248331620026,4.3671897465825804,3.6660833446301098,4.5842153120101727,7.1075959115528038,8.8975123593819241,13.003395724261589,5.9909087736538265,8.7553436234315711,12.3128616928549,13.742665928752301,14.904696954565781
R1_B3.jpg; T=45,0,1.8665197436134491,2.7017709266701027,6.0121122365465078,4.3412014919134263,4.7413168662361445,6.4534612116564736,7.3955065289510884,11.063560620071136,5.9898762766644236,5.2804805050161123,9.6018517755759607,15.89316578157511,18.65917603551005
R1_B3.jpg; T=60,0,1.8581895129800401,2.6451487116915722,5.853001749226153,4.2185059170563015,4.6204320673705332,6.3384928253414508,7.3625291239166177,11.499064939145148,6.1288778004501525,5.681358383775331,10.21726537752061,15.924263793337856,17.652869798188235
R1_B3.jpg; T=90,0,1.8788122071039131,2.8362052000447817,6.4881348079926386,4.7517605877963396,5.1723119671419484,6.8228045494023979,7.3101606207196976,9.4700945891773074,5.1764678170036191,10.442622196135332,13.959764448124535,14.579244368480351,11.11161664087714
R1_C1.jpg,0,3.3491767551878087,8.4630379799646622,11.849048107807677,8.7278456125842876,6.4544437388112632,6.154843487168522,2.7928792117978447,3.515604366332973,6.901363041397965,15.913440011608436,15.148553126320564,7.3990744020217374,3.330690158996255
R1_C1.jpg; T=120,0,3.2542864561569864,5.5586339304289165,6.2444815309795798,4.8374561008046255,4.7047355236357804,7.1580980500428035,4.7713592544040164,9.1964514284646608,5.1171784296513678,6.1073993674534508,10.52818475321325,14.217559946251541,18.304175228513007
R1_C1.jpg; T=135,0,3.5344421435934823,6.0155859227222619,6.5294360800195754,4.9291355241537831,4.7237652192902315,7.0285272139580286,4.5467602930445832,8.4311070074728676,4.9064978950545255,6.330525113119621,11.015202387670353,14.818214159462734,17.190801040437947
R1_C1.jpg; T=150,0,3.9793321901556151,6.4874166965355595,6.7890925239129922,4.8805334445685125,4.5457220288487452,6.6728543550477752,4.3110610977275154,8.3043747323177541,5.2445285605821335,6.044208946947931,9.9124940840323408,14.690805264847224,18.137576074475923
R1_C1.jpg; T=180,0,4.9560819402932532,7.5100699092827936,7.3090059424881861,4.9649185823117472,4.3553901693259514,5.9552776376224505,3.6390452563429601,6.779436690422977,4.7742570487447056,9.2640120865883517,11.678859164258045,14.077176737108465,14.736468835210117
R1_C1.jpg; T=210,0,4.9135169986753437,7.2082555069012715,6.9523473840465844,4.7868859219008488,4.3162910636352336,6.1774814297326746,3.9569569632451009,7.8593022281208214,5.2347829267491193,5.3730060486809075,10.083391453812895,14.350113415795839,18.787668658703367
R1_C1.jpg; T=225,0,4.7382610473240314,7.0702282084030772,6.9744964676357348,4.825470021739144,4.3813623678775819,6.2443081255969473,3.9487326030347534,7.538875461372414,5.0189055764267252,6.3287441692706379,10.494472058822517,14.489572349676775,17.946571542819676
R1_C1.jpg; T=240,0,4.3874437551127619,6.6244339596811415,6.6550126976193393,4.7395147815354735,4.3891795847231112,6.4132415055066705,4.1278009885437479,8.0829125343176731,5.2832716893190295,6.1348602876189027,10.132443818620624,14.794751237742631,18.235133159658908
R1_C1.jpg; T=270,0,3.7975641794948696,6.2995092271790858,6.8309519790492583,5.0814451209436795,4.7381952142614265,6.7860590579429436,4.178340486829315,7.3883732389533927,4.7217972585494836,11.160616334492747,13.324481725682288,13.828073368410823,11.864592808210695
R1_C1.jpg; T=30,0,4.9181739236570277,7.2089653213956275,6.9634027032587005,4.7994963502894148,4.3189929398610483,6.1727712507376422,3.9520183559837854,7.8386649281823848,5.2117919444081338,5.3929230935925316,10.109941313583596,14.336437499134679,18.776420375915414
R1_C1.jpg; T=300,0,3.2542420510782968,5.5586344156145122,6.2444873253224369,4.8374680180594156,4.704742919060557,7.1581034615087971,4.7713694203447066,9.1964415491289166,5.1171819019468083,6.1073931655827804,10.528170260328436,14.217553858086381,18.304211653937951
R1_C1.jpg; T=315,0,3.5343386687481466,6.0155505895033228,6.5294365645677495,4.9291439438115914,4.7237789707926892,7.0285577306743834,4.5467749804789834,8.4311712530319962,4.9065889561201175,6.330683692508563,11.015139961172276,14.817684525958734,17.191150162631455
R1_C1.jpg; T=330,0,3.9677625329507569,6.4660359017499669,6.7893862726489376,4.8892952239831446,4.5549388631312775,6.6875759888786215,4.3249769329076519,8.3172118916955213,5.2221314445596914,6.0738883263380119,9.9157378082314089,14.685886246044426,18.105172566880587
R1_C1.jpg; T=360,0,4.9644773215362994,7.5176948804084072,7.3101577651427325,4.9641856627066998,4.3540267057847437,5.9516270394122861,3.6358301232273078,6.776663561214634,4.7745475772299599,9.185550562745922,11.670075980538087,14.10227510195957,14.792887718093365
R1_C1.jpg; T=45,0,4.7366843545938409,7.0694193735521829,6.9741610590852448,4.8253886632883098,4.3813920809475837,6.2445321370242306,3.9490524491109902,7.5400185481645678,5.0198377236818841,6.3280054073667467,10.493827905081423,14.490390508497038,17.947289789605968
R1_C1.jpg; T=60,0,4.3869704583422298,6.6242316316481613,6.6549451022499637,4.739498512088077,4.3891882245714298,6.4133116649252546,4.1279097077438172,8.0833119944162277,5.2834723913842785,6.1347571494322635,10.13220808327994,14.794695345340765,18.235499734577587
R1_C1.jpg; T=90,0,3.7031371701318312,6.2100321575257276,6.8014416685115577,5.0997971696652167,4.7802926892351989,6.8717592121379294,4.2344522643521509,7.4317073457256759,4.6878813019250423,11.063969332444966,13.307231406598067,13.849412318861926,11.958885962884715
R1_C2.jpg,0,5.7346770628891699,10.975432101104708,11.837273224308081,7.2091453488917461,4.9194836892323188,4.8413523774918898,2.507745262549244,3.4017033714188378,6.6795313085755215,16.778683064987831,15.565964277078393,6.9551320924313895,2.5938768190408807
R1_C2.jpg; T=120,0,4.4453292809137412,6.7035601463591972,6.8128125156147874,4.8988688395241446,4.5343980429517456,6.5644112502842722,4.2068307564140337,7.9843364386986746,4.9064761974596536,5.6669609182553975,11.468215698170333,14.531974881000767,17.275825034353268
R1_C2.jpg; T=135,0,4.2974211422057715,6.6340606494966927,6.8433442831069353,4.9420530587836593,4.5791223721032379,6.6231662687063872,4.1841177948453989,7.8242186904320636,4.7835494977585444,6.5326799091447629,9.8574991625433128,14.468040125312756,18.430727045560484
R1_C2.jpg; T=150,0,4.531748402500563,6.9313858651061651,6.9172412209490979,4.8246123128149536,4.4255225908612399,6.4241037572298847,4.1311588144781899,7.9679958575443841,5.0033629747085122,5.7436565595481124,10.53425088701707,14.958533863534635,17.606426893707212
R1_C2.jpg; T=180,0,5.2366901060074769,7.7090040690267596,7.3283477115158426,4.8647508538423683,4.2141491664209818,5.7492185423682285,3.5216329102021198,6.7354764711235342,4.8386729922182381,8.8094069191218765,11.348301185856178,14.214274404138534,15.430074668157866
R1_C2.jpg; T=210,0,5.0487376388331038,7.2744494326218447,6.9515923027766915,4.7322615169553277,4.2427795366508736,6.073505472811787,3.8861950679959953,7.8049098086107538,5.232201398180047,5.7124182593251875,9.9623573153142964,14.739986265633064,18.338605984291039
R1_C2.jpg; T=225,0,4.8853717053574837,7.1958026561098434,6.9509247924387356,4.7980313940459434,4.3332712143162677,6.139813990797359,3.8621174097454096,7.449364051764082,4.9421034127054941,6.4303793354778715,10.874315994712157,14.504972648824555,17.633531393704796
R1_C2.jpg; T=240,0,4.7265021055951717,6.9011149692422604,6.7684468356337177,4.7433314034059411,4.3428828206313295,6.272334943850626,4.008902341086082,7.7930467767078468,5.1274914731570718,6.320500674690714,11.208431581511826,14.98148995334841,16.805524121139008
R1_C2.jpg; T=270,0,4.6757949878711837,7.0469962339894403,7.1256851179186675,5.0236173011186294,4.5007590407023805,6.220848622407293,3.7695729505477984,6.8625365725213285,4.5998060973796981,11.194398416156288,13.898780390698414,14.231745564346205,10.849458704342663
R1_C2.jpg; T=30,0,5.0383859632114811,7.2533442758636424,6.9526933243942581,4.7420042773716,4.2502842928711972,6.0849911624033926,3.8932808777325767,7.8134049962577068,5.2264077100628219,5.6826359331290623,9.935873692226,14.794674702252305,18.332018792223948
R1_C2.jpg; T=300,0,4.4453621331275324,6.703602149196576,6.8128467579063177,4.8989002090873388,4.5344243397106458,6.5644353443361618,4.2068259828051282,7.9842417344167638,4.9063774520507284,5.6669799940226495,11.468234307224884,14.53195277104466,17.275816825070624
R1_C2.jpg; T=315,0,4.2974520519426633,6.6340879406958901,6.8433660129556824,4.9420632434534948,4.5791235009310798,6.6231739117438924,4.1841216575708815,7.8241887683980655,4.7835376115703312,6.5329305295255145,9.8575116691375104,14.467174465762662,18.431268636312328
R1_C2.jpg; T=330,0,4.54987700449011,6.9321925872733594,6.9223709103835489,4.8225953017971639,4.4169126209461815,6.3985393849626959,4.1124369608115838,7.9534140166731202,5.0218311374454219,5.7851610837679246,10.569945871041364,14.928845438492367,17.585877681915161
R1_C2.jpg; T=360,0,5.2319544266284455,7.7058069869701473,7.3294047156595044,4.8697111492183982,4.2200899538105778,5.7572074551502501,3.5242081508461864,6.7278720992514192,4.8299923168642716,8.8053259458596234,11.368389944671854,14.256103457155097,15.373933397914215
R1_C2.jpg; T=45,0,4.8872376556737045,7.1967406805182401,6.951313485604893,4.7981239830356417,4.3332220288086498,6.1395073580620245,3.8617369877752248,7.4479522077262246,4.940948383298112,6.4306966240718273,10.874471937664714,14.505955876952846,17.632092790807906
R1_C2.jpg; T=60,0,4.7270881148700825,6.9013670155355129,6.7685346682040883,4.7433507267560842,4.3428715932517985,6.2722428472591929,4.0087862918755448,7.7926406950414373,5.1271455480700974,6.3205977399810873,11.208632471221657,14.981619384438719,16.805122903494688
R1_C2.jpg; T=90,0,4.6685943100712732,7.0373944844245431,7.1181967065153824,5.0190823079938029,4.4985655646703222,6.2218417819628735,3.7716098490901504,6.868533114401747,4.6090206979289192,11.152845183908367,14.062586976117954,14.234312861938086,10.737416160976585
R1_C3.jpg,0,4.2484368182129266,6.8711692306904419,11.916110530874956,8.4551285445700017,8.2965643810214225,4.8630700703468159,2.8800676777392997,3.8525844097743511,6.5102948867334796,15.458807506146341,15.688839576511162,7.4755759573942173,3.4833504099845798
R1_C3.jpg; T=120,0,4.7059333985343788,4.9873273473669233,6.5199094880023658,4.6607505278985322,5.7818521977480541,5.0955113751649534,4.2223431876297228,8.7494469409065587,5.7983786345668467,5.8136423590378499,10.354978929993866,15.186928541935375,18.122997071214574
R1_C3.jpg; T=135,0,5.0391720230293302,5.3053086038585571,6.7969326570140165,4.7567630620541834,5.7701254123236039,4.9778992254629939,4.040513128914542,8.2994216553495423,5.6279547681998086,5.7779571037443089,10.377757425907145,14.672865513958735,18.557329420183251
R1_C3.jpg; T=150,0,5.1648235515022023,5.288013177115281,6.6196007186162724,4.5684323548484018,5.5373343800766861,4.8592331207480459,4.057302574180417,8.6691750575004729,6.0030949570268426,5.9512577746345965,10.633288614510688,14.339519004254511,18.308924714985579
R1_C3.jpg; T=180,0,5.7094335066036104,5.7173243595394734,6.9896874108762983,4.6129542997825785,5.39290881808002,4.5445331055964804,3.668636691235224,7.795475188108612,5.8033055296531,8.338784630092217,11.791394232813952,14.153963765051985,15.481598462566431
R1_C3.jpg; T=210,0,5.1935771679448708,5.2518325020288419,6.6195888114048156,4.5553007974973436,5.5139514227658015,4.8135271457681554,3.9825386843687229,8.7720957161906057,6.2033460840932317,5.5733286621544149,10.488514928385834,14.67027662443668,18.362121452960693
R1_C3.jpg; T=225,0,4.9645585349805561,5.2063858199966786,6.628690636935298,4.6431251966070048,5.6490007534768525,4.9115269056533615,4.0234960590114017,8.5296570434175099,6.0136763158519804,5.3663974965353614,10.721160513611265,14.83338370123699,18.508941022685736
R1_C3.jpg; T=240,0,4.6935145281464532,4.9381252865977476,6.4269574109469207,4.5590244245597384,5.6522902351649638,5.0055476808418398,4.1275562298020283,8.8230845703558369,6.1734862248665809,5.8310671609300764,12.068302258839026,14.599882209186466,17.101161779762315
R1_C3.jpg; T=270,0,4.1130335667956768,4.7420294745125453,6.6996916894242906,4.9512610264268586,6.1867865504000363,5.4239866076213969,4.3260331053190342,8.1891202460557526,5.265657888005407,10.648995309386033,13.230777375202074,13.98984430624825,12.232782854602645
R1_C3.jpg; T=30,0,5.2037248951118826,5.2514209129515352,6.6264712005599655,4.5547852706270433,5.5039981713836106,4.795557262792693,3.9651668137157214,8.7688743001873046,6.2378498977621364,5.5573525201655674,10.517255356759698,14.654765622645604,18.362777775337239
R1_C3.jpg; T=300,0,4.7069430974218038,4.9877167490332885,6.5201407569678338,4.6608302120418026,5.7818817664533828,5.0954617686903205,4.2221815498866073,8.7485703546125038,5.7977633680698775,5.8139164646327348,10.355415150020431,15.186779317670947,18.122399444498459
R1_C3.jpg; T=315,0,5.0427953888060078,5.306867077400228,6.7979147831785252,4.7570591373714484,5.7701347284976015,4.9775732568201594,4.0398568665239658,8.2966249675909456,5.6255591903693887,5.7792031861827589,10.378339658156236,14.671951613956027,18.556120145146711
R1_C3.jpg; T=330,0,5.1541790134604337,5.2818158402732314,6.6311204900638518,4.5884708753447585,5.5627079423067105,4.8751612445228263,4.0626187928358108,8.6604028834166158,5.975750197695513,5.9792391168334067,10.635592219126103,14.310898879424114,18.282042504696641
R1_C3.jpg; T=360,0,5.7006808100618027,5.7166345285395179,6.9859752263488213,4.6121074433581422,5.3948552394697078,4.5477482516036787,3.6712786663154415,7.7946675922497892,5.7999527440838898,8.3537242555609339,11.803975295162148,14.194207175311654,15.42419277193448
