Image name,0 mm,0.063 mm,0.125 mm,0.180 mm,0.250 mm,0.300 mm,0.355 mm,0.425 mm,0.500 mm,0.710 mm,1 mm,2 mm,4 mm,8 mm
T19_01.jpg T=300,0.0,6.5056959635643965,7.007818903879434,6.497498192701914,3.8925794970158294,5.214486945673135,4.375142781225647,3.429126785137014,6.958836930832995,4.458888454098895,13.26826575820762,21.48890291817761,13.288517060165859,3.6142398093196526
T06_11.jpg T=300,0.17849135047390904,0.9089889558074824,1.3277944737705998,2.3632574844191017,2.3373231027203047,2.9590638856374074,5.021608493128562,6.028771645248235,17.42288172041453,9.614838640153812,13.525236597790165,24.03524550457217,11.512734456135542,2.7637636897281865
T19_07.jpg T=300,1.6134592662460905,5.819053321698264,6.08566361464483,7.403328810225898,3.3008704266154147,4.395525285060524,4.9220293698134485,3.891256256305709,6.5474896962033275,4.6779550651445625,12.567950430493985,19.664333100630888,14.743825032898505,4.367260324018572
T18_08.jpg T=300,1.2468844330461517,6.194709374528898,4.790667095026757,7.5280382886739305,4.176933196450049,3.789324365591476,4.358918250461056,4.414882747688349,7.1262795626110025,4.838398153795526,13.640566354485287,22.57763495482985,12.365467756084788,2.951295466726877
T25_05.jpg T=300,1.4620209960033457,7.041013730582293,5.3525860809179715,6.524488260618122,2.9488375191417378,3.950151137161056,4.505987353060151,4.572539153700009,6.481048424792049,5.271964807598287,13.966763550059026,21.67947682068728,12.74969453395693,3.4934276317217385
T11_03.jpg T=300,1.0213794161145613,3.918930632097975,4.632891441415347,4.9463142060797205,5.021147374566845,4.864782913762755,4.468170684846968,5.0476410520398405,8.76284389728877,5.39115596906619,14.598968093479392,23.011896291118784,11.382363302538344,2.9315147255844964
T19_03.jpg T=300,1.2344634519673792,6.23260917721381,4.980654713867743,7.865677347233928,4.350611381502263,3.940996194038695,4.500536443353372,4.456144920578804,6.445648802204626,4.766440642450489,12.842035848506315,20.8090112002521,13.919635449598653,3.655534427231831
T08_05.jpg T=300,0.8447515149641779,4.534299139342067,4.151856703966395,6.009967744063253,4.6420612941130015,4.528739407975814,5.531586527986927,4.6341276473307405,8.449762243336503,5.139098398404244,13.54890576413817,22.524383153313426,12.615949550116145,2.844510910949147
T12_06.jpg T=300,1.3593978240915858,4.827424365040497,3.6040036473201047,7.182506389998268,3.4338842302667616,4.808291176215889,4.2934912456485135,4.812826387768789,7.816748889437097,5.842124678546408,15.105439286724026,23.750046839155555,10.638395747150856,2.5254192926356445
T25_03.jpg T=300,1.1066423028917032,4.2164542256469115,4.778040185808235,6.403953461182341,4.639079899988252,4.365779433843558,5.188875967847737,4.287040391943702,8.157253691522314,5.175909561295991,13.272352063225393,21.600190484591323,13.2179077458063,3.5905205844062364
T01_11.jpg T=300,0.0,3.9834668257456727,4.915012827716393,5.3145705781448696,3.661611093032368,5.462064437427409,5.101107244254095,4.404255178942998,9.535295130059039,5.654625479799532,15.850396344985164,22.259576495383396,11.546702143617694,2.31131622089136
T07_05.jpg T=300,1.4965513455531658,5.528279751150495,5.8094867117862865,7.253923699016129,4.924085995244893,4.363145643438285,4.8877903545330215,3.8255761217489392,6.1624813104270055,4.278212325910944,12.98559934472568,21.063533630490014,13.739349734015114,3.681984031960021
T14_01.jpg T=300,1.4360107704409169,5.298334854098044,4.071850204503746,8.014778436176885,3.7886803321071714,5.229929907392783,4.490680571511525,4.770197117917256,7.01539362115753,4.465974602106604,15.017169660971911,22.148195661959377,11.389633200879945,2.8631710587763144
T20_01.jpg T=300,1.5342275614937366,5.682500593698987,6.242010167425216,6.024370482610487,5.583732643521651,3.3498321633713086,5.639869370197864,4.375946839207241,6.223253285486555,4.210572175585674,11.561219113396714,23.00688598537909,12.939942076692018,3.6256375419334512
T24_08.jpg T=300,0.13474206554946014,0.6324203976773577,0.600783555107155,1.3607523705426992,0.7861648879771536,1.436915977233468,1.9482983867018049,3.855026219722733,16.89962293403569,19.38867383766935,12.146171646084278,24.176208099438572,13.83499131798451,2.79922830427577
T08_02.jpg T=300,1.4086812720401432,5.178223345032524,5.887881458590398,5.828010102198722,5.4722160400777655,3.33832131655982,5.741612627067598,4.574600596499689,6.63976039099775,4.350708431756105,13.265932071166795,20.730552925803046,13.11640626661668,4.4670931555929805
T03_04.jpg T=300,0.0,0.8108325802674338,1.063186754688062,1.1485397355860274,0.8758738376064523,1.5798237929350396,2.1246161106404493,3.1424467294208616,18.09075861134329,18.84006724344388,11.345836250173905,24.826714958458556,14.056353317962156,2.0949500774738983
T23_02.jpg T=300,1.4868895599997112,5.481013905507499,5.907377812962871,5.5712746392140975,5.1258601674136886,4.6089644026267145,5.20792409759862,3.1072958275335227,6.933012548358346,4.7178776380471135,15.434083920761184,21.618157672314524,12.316254996676786,2.4840128109853112
T08_07.jpg T=300,0.19084363267050566,1.3303101707601572,2.019160734941143,2.7683905932115875,2.7019224214356026,4.36077080431499,5.157846274536387,7.063755231148223,15.050603179407336,7.694837280994119,13.047101051845686,22.17127106470992,14.084292282115035,2.358895277909311
T04_01.jpg T=300,1.5886245390945342,5.7202133399713215,6.057379530529013,7.608105486740882,3.430984461669701,4.558807957644109,5.044483729012803,3.8896905713461263,6.208692914326331,4.045186520796648,14.505885358564598,21.83694913354239,12.490618678956855,3.0143777778046705
T23_04.jpg T=300,1.1617026700703958,4.332075030944614,4.85396709621967,6.442690030048571,4.642417220599237,4.355366190877908,3.8996337020621135,4.341736244369467,8.411712142881479,5.417190291683347,14.223371271005965,22.65821919959302,12.030040789158615,3.2298781204855875
T25_08.jpg T=300,0.23922140474270634,1.0886534894511437,1.2430289814177469,3.6567691328520406,2.4346491892269584,4.430880601931786,5.167187768850816,7.4276524299345175,14.722908607771394,7.453894369038659,15.706334008076356,22.514409522566872,11.357986700533932,2.5564237936050667
T24_05.jpg T=300,1.0845581198696257,4.173413974279466,3.3647177448982686,7.098702007453968,3.557591763757872,5.099679765130183,6.142267578778597,3.858099225776946,8.695982948792166,4.909337110570224,16.097225852070494,22.136169948473025,10.68782250763291,3.0944314525162637
T25_02.jpg T=300,0.8350814080549933,3.3343106515467227,5.2882663608270235,4.277220987509846,4.444457618208954,4.409836241825965,5.511997915461862,4.779840104630579,9.299785003416448,5.699081504052407,15.896070001664881,22.96209716075249,10.110350838778533,3.1516042032692835
T12_07.jpg T=300,1.5123275983214213,5.516685586139751,5.623886543920828,6.917642109602891,4.7035130659759,4.194407336149813,4.741613660429486,3.772685516255611,6.913180603204178,4.6688601426189305,11.691935678344825,19.032784879710288,15.910984359811179,4.7994929195148925
T14_13.jpg T=300,1.0738590144061353,5.519724059789182,4.575177545582588,6.225056949659043,4.606496146289878,4.351968028101081,5.1177463990270535,4.169670845281711,7.627528739861487,5.045019213936194,13.840743121493027,22.21033737268264,11.851617895609273,3.7850546682807233
T15_05.jpg T=300,1.4259970542285545,5.29134346123071,5.572006145179574,6.8830499556240925,4.668938978404661,4.155580932559996,4.7306819204213975,3.7864649182261614,7.1047274413764105,4.733936091427003,14.722642113817773,22.88444628379845,11.050919113700258,2.989265590004975
T10_07.jpg T=300,1.3910284341586523,6.7844245599088575,5.24974211130371,6.538921513164903,4.450719179644967,3.9987639235365378,4.535994984349674,3.6071891243096927,6.730826680432234,4.912146580540594,14.241456896384273,21.588465290456433,12.101783285103428,3.8685374367060392
T01_08.jpg T=300,0.0,6.2619006928125724,4.7058042748037865,9.08823059506107,4.2098512800874035,3.784630609151084,4.777851233432735,4.97580659202377,6.540340108261697,4.407937843253891,14.577690669729419,21.88664616909401,11.782004804617474,3.0013051276710736
T11_06.jpg T=300,0.8028635442512876,3.345466051973672,4.162014093800974,6.113702264980419,4.7653073550278515,4.717170390077686,5.852174260083497,5.005154412810917,8.528193948657826,5.174758670515004,16.28909600705125,21.72654877994142,10.647812794090438,2.8697374267377453
T23_09.jpg T=300,0.5160829278368935,2.2193075362784014,2.1254609670918656,5.275493877367105,3.077230481305364,5.043308934038928,5.230247587524804,6.626813500453865,11.428125709768816,6.366010311949111,14.716501441576696,23.098949307430612,11.640665800575228,2.6358016168023046
T11_10.jpg T=300,1.0603225673220125,4.008789870498224,3.2609827588749747,6.930562730699308,3.451287406229893,4.982499821224665,6.035156703520554,3.844936348470788,9.09488085730299,5.37153775244923,15.653293314803625,22.294300769902808,12.083871798172762,1.927577300528166
T11_12.jpg T=300,0.680843161348778,2.7799396477128817,3.73174022709886,5.857101971435683,3.2016482481616877,4.944300332728819,6.351087128536952,5.610502089261883,9.812834484205595,5.385714810470809,12.912387516751695,20.510718918904747,14.796214268445905,3.4249671949357063
T16_04.jpg T=300,0.0,3.1308782283414867,4.077863157556375,4.720864919213841,5.1580306349040965,3.5379732153136896,5.1636353648279885,6.189849650669558,10.37308760558532,5.9521636313440025,14.209256893602973,22.75954104294857,12.399500833186504,2.327354822505586
T17_03.jpg T=300,0.4001083214120809,1.7997726437997918,2.573789473831241,4.377005798571314,2.607906497603856,4.3752179619836005,6.242888791227911,6.18021847309832,12.506013959631556,6.81573525789524,14.918476609126358,21.697525302253847,12.330316138690732,3.17502477087415
T09_01.jpg T=300,1.8721659707015903,6.642648005329412,4.562523477799816,8.20042832155035,3.62893885109398,4.7818969686521315,3.9682384571158886,4.112145412855469,6.720865863773589,4.182515267665612,12.76358458825167,19.51126402367205,15.640469926999428,3.4123148645390087
T16_13.jpg T=300,0.1029763931363987,0.6788620331184588,0.7178959704351684,1.2355340721036332,1.1955656818972638,1.5282902786550736,2.8175028742693597,5.105917732571807,18.478865447541388,16.074054691750895,14.469783433186116,24.429987483412123,10.641605559561695,2.523158348360619
T17_06.jpg T=300,0.2017211925740476,0.9827450953032276,1.3384786047939,2.3084669528900106,2.2797624205610987,2.9182863063426367,3.7558345487590654,6.106780856841303,18.178697841139414,9.82158906435467,16.362200260628693,22.70783527971093,10.319254722136858,2.7183468539641416
T24_10.jpg T=300,1.4503360428532397,5.207272063624417,3.842474320733337,7.372930470601236,3.4089660264852566,4.689180907312274,5.468294666059996,3.3551818841510137,7.821368692467985,5.236094466856544,15.356611340275295,21.11192824656669,12.57928283447144,3.1000780375412704
T17_07.jpg T=300,0.22049952449591886,1.5326558610591476,1.7171860882655396,3.088908659730177,2.973285191321388,3.560951875772997,5.600299254891188,6.148056932843276,15.342968259892672,7.868581944950873,13.289863390316961,23.73488431320038,12.630581423636606,2.291277279622891
T01_10.jpg T=300,1.4901888534084984,5.4932743111530895,5.986789173287513,7.6244726871761745,3.5141043164803265,4.7154761215359375,5.2442841912216,4.043817702902456,6.397638342471214,3.9206427516925353,13.351541853576707,20.09700606856339,14.056969299401946,4.063794327128616
T23_10.jpg T=300,0.14368622702197667,0.7104515116056744,0.7162607555210381,1.9149838109214472,1.2585783337030203,2.4739889098168595,4.490633605419948,4.499998713819222,19.55202879203281,11.990445759965098,13.826814940520848,21.946153775777198,13.832541210883374,2.643433652991456
T18_04.jpg T=300,0.21769823597616456,1.4800024402533003,1.7014131872160074,3.1503198426317214,3.0893595622873,3.7071720605692096,5.749833119575055,6.1719027743292365,14.91545250889635,7.599165330728277,14.557869209863124,23.267516793256693,10.727943868432984,3.664351065984559
T10_19.jpg T=300,2.488347223782037,6.298628677297938,4.701531374767357,7.062539031937113,3.7561286734566415,4.443412234591053,4.705238748338457,3.770634604952904,6.5627098014414535,4.743005579946869,11.158614032541339,19.505197905401737,16.450112078633193,4.353900032911927
T10_14.jpg T=300,0.7862227058828931,3.184023587098079,4.050179922163991,6.0693902364324055,3.200232402120645,4.818507007467454,6.118789732348938,5.372456217009956,9.477208721448644,5.3871238478295815,13.85045795853024,23.81909914514532,11.558639508041253,2.3076690084806017
T16_08.jpg T=300,0.3861498332009656,1.7747251479121988,2.5217778598749985,4.265902598342842,3.844570752329588,4.2958579024962695,6.110557716069413,6.0088844126432255,11.96150724755731,6.903745418867871,13.706794192658093,22.19041601626944,13.403040541733828,2.6260703600439625
T04_08.jpg T=300,0.17275789340139436,0.8594035059962927,1.3319697180014218,2.523859880266468,2.563653973243284,3.233645345084759,5.405299404893751,6.34358918951097,17.423047590437942,8.521107666200214,13.557137019244292,22.20460088674796,12.874246855471473,2.9856810714997764
T08_12.jpg T=300,0.3850823807440906,2.3900974980351744,2.4616903739942617,4.154353961327835,3.735868494323392,4.1657629629118835,5.922776908511809,5.8040275427044286,12.434800214623015,6.493968504135431,14.738772990136813,22.87231838012889,11.226050905595503,3.214428882827474
T04_12.jpg T=300,0.376840602429612,2.2882823155124914,2.4413059109409287,5.216775031954189,3.6806107701147854,4.054963430875402,5.700312412924268,6.895952971307818,11.503398331332527,6.47044005519557,11.753625509364467,22.007339290865296,14.270612208276107,3.3395411589065422
T07_12.jpg T=300,0.27269145272668005,1.1482961742313398,1.6603746954021597,2.4095089840812327,3.2508542783228638,4.002989989586409,4.756736172866032,6.985210952084143,15.841439246604473,8.026498313928139,12.255350234049592,22.488161760974336,13.362095086467516,3.5397926586750823
T18_02.jpg T=300,1.4438845908834959,3.489178777455052,6.041720996188952,5.946727311911718,5.637078362746061,3.4736050736901265,6.0514421206506706,3.674014583965212,7.450921401411687,5.005668315905363,13.552261999394975,22.376694993228718,13.216326183742616,2.6404752888253378
T13_04.jpg T=300,0.418318574647541,1.874020644084594,2.6898303989279757,4.64024922290609,2.7970604143859283,4.673315222982242,6.5688429006883275,6.320708169886571,12.108395111636565,6.330635952371844,12.050890749071467,21.75495245258385,15.270207343940662,2.5025728418863484
T25_09.jpg T=300,0.1776983824086033,0.8355603372323841,1.3440267903673044,1.867112429305332,2.495914728420052,3.1887860195042776,4.068961474411768,6.5563597222297725,17.446413164265625,9.93370748273126,13.53550179113264,22.262563416580907,12.845267414634344,3.4421268467757304
T22_11.jpg T=300,0.23370621584682724,1.0858226929167436,1.5339228800725644,2.007047177402256,2.5997003430140584,3.2656505785660936,4.112674095755247,6.506222848298389,16.919929954970307,9.627117346847703,14.53258426743757,21.39603805893405,12.535706706550481,3.6438768333876914
T15_12.jpg T=300,0.08493375146791361,0.4331948066899868,0.489132587967909,1.1127162914471145,0.8498885670035308,1.0439801854461732,1.8466134377869308,3.4189555635563,15.93936065320915,21.913941380931735,13.518288150904741,24.424364668222534,12.17036760876122,2.7542623466047584
T07_07.jpg T=300,1.441205437967078,6.8769140906900885,5.247235219707417,6.430836369888247,4.3831471928023795,3.958151523544849,4.528256182285413,3.6332554003042414,6.996364206283305,5.0137094595095935,13.158824716076374,21.791681133909613,13.495557420785362,3.0448616462460403
T17_09.jpg T=300,0.09228087095919003,0.5047926680950044,0.5608419507103335,1.3373156251132583,1.0755251842254827,1.3885172434506798,2.5681071717795283,4.703806117472372,19.233939031357085,16.15342299106981,13.375233147071741,22.787264770228628,12.736558719780705,3.4823945086861747
T14_05.jpg T=300,0.1782976397471396,0.7860384099482359,0.9160745781405136,2.7794550093307424,1.9194658753933127,3.703632522516681,4.670243261952546,7.333318951623798,16.513730119920886,9.262187400811248,13.312617243890474,22.35304814753551,13.340647445592124,2.9312433935967817
T06_01.jpg T=300,0.0,4.812635743141564,5.883494644912613,6.249681451603007,4.116610571297125,5.801053546282673,5.087081075695821,5.4304941917689336,7.574761555935075,3.9748029802028197,14.360227592472846,21.58009999771049,12.098276631517324,3.0307800174596964
T02_11.jpg T=300,1.7072669577921904,6.145248977869718,6.167393034083251,7.295554969450621,4.803272614267224,4.19034686626108,4.591859930800392,3.5457162334020422,5.850977835972607,4.296849974081062,11.479488987933015,22.716468449719173,13.796397743871728,3.413157424495895
T20_08.jpg T=300,1.0846841736643085,5.5870248328190435,4.712182793784743,6.321946657203307,4.5180627556839035,4.178432183291598,4.881338752892902,4.947181691814627,7.299219525381181,4.980396054416913,14.045389800983546,21.63055137453295,12.504165659196286,3.3094237443346888
T08_11.jpg T=300,0.11587851691373707,0.617785272898359,0.6712127898254706,1.3063476239418768,1.4033304235782569,1.912052183092931,3.6183525920971182,6.319688591978742,19.032854234723185,13.03049236057168,13.225490630832484,22.71587931191987,13.383838156066547,2.646797311559744
T16_05.jpg T=300,1.1010463192167024,4.183232637727798,4.821448879167228,6.566775672650713,3.2277252347950256,4.5966327762545545,5.4961861060095165,4.577809586267919,7.942947470175297,5.582980823807284,13.457089791923602,23.456757778913808,11.532091524354415,3.4572753987361566
T16_10.jpg T=300,0.09131745707107436,0.5248110617971946,0.6211141728445588,1.191861853715103,1.1787994944280762,1.518611273990717,2.871862360127352,5.264879944207499,18.69459870030326,15.641500116577609,14.105265175900435,22.601079654912372,12.675256644625009,3.0190420894997403
T25_01.jpg T=300,0.0,4.871561416616284,5.604138746805567,5.6889225993997625,3.671113390271128,5.170942575908488,4.627539975973283,3.9108356409282936,8.659174166976449,5.837385891118236,13.501237017596807,23.36948977377385,12.056225192169347,3.0314336124624996
T03_08.jpg T=300,0.0,2.204691996062371,3.1623645315291484,3.991651684401992,4.686246949613674,3.431879340012403,7.152886881360753,5.120443124831851,11.896799033729355,6.5532118926261225,14.082389784349012,23.910146111019074,11.729484941185465,2.07780372927878
T21_15.jpg T=300,1.1766759465307275,4.2838451881926884,3.3247124827673704,6.9236533730221215,3.4602960047528173,4.992425102895627,4.524965379057249,5.1078783049438945,8.225922421654936,6.110009079645409,10.249477442682569,24.71169475259953,14.296554426710589,2.6118900945444867
T24_03.jpg T=300,0.0,0.3860099142811647,0.5142305297574025,0.9833314931278916,1.0718310622955471,2.3088094958849883,3.364691378545158,4.84472985310399,21.183813532091012,13.015556673368367,14.973391930411944,21.05173856406081,13.743185527255607,2.558680045816108
T19_09.jpg T=300,0.7686367204777772,4.2117083531304615,3.826460461519458,7.057798450222659,4.407561171249376,4.297928143263824,5.248780201711902,5.561945667567938,8.170482671578343,5.224653419705769,12.647864195617327,22.895523771114906,12.931735335005513,2.7489214378347606
T16_01.jpg T=300,0.0,5.001545975949534,5.849219184757582,5.9265579292708095,5.653419580679527,3.5030252276039087,6.108535509612715,3.6958331631024985,7.430026350823284,4.993926913886286,15.060440049237355,22.20489926492552,11.052246451358393,3.520324398792582
T15_10.jpg T=300,0.2350798344668135,1.1929244637601892,1.7699256430516297,3.161049132275911,3.067549941837057,3.711695143151808,4.379634708777388,6.392904716138017,16.00724735396549,7.846185968053661,14.965887802199163,24.35050294658328,11.438157800271089,1.4812545454685015
T06_02.jpg T=300,1.4600691156364067,5.356298854453463,5.864251488570791,7.503874134582173,3.4546717444475723,4.6344286132222035,5.234838812957707,4.107563795675103,6.5111892272209495,4.211489682371163,15.221804851771731,20.821199013614823,12.009930140958405,3.608390524517513
T09_08.jpg T=300,1.7294110681142123,4.607489410713886,5.130628289105301,6.554802987268772,3.821976838136766,4.8127303244773465,5.339617811807424,4.367610646394166,7.407042072853322,4.895020843240587,13.32493384484026,21.278509518029413,12.992825805320885,3.737400539697656
T06_13.jpg T=300,0.804100636590298,3.232980897499321,4.021929735773966,5.999109643450361,4.7006117668778264,4.701337594610958,5.897883488018572,5.047556890065999,9.350687002044454,4.910051049839828,11.411191383677016,21.041437672449653,15.551547538460731,3.3295747006410052
T06_08.jpg T=300,0.2666034135061449,1.3112142072480268,1.9564379842187087,3.5456547489147296,3.4269737769853084,4.0612492227318135,6.144640028863907,6.372157332616072,14.455261152973039,6.899232176825827,14.786158661186215,23.15230106570745,11.659776723075135,1.962339505147593
T01_03.jpg T=300,0.0,2.432834263632561,3.6254069127751407,4.590757056840999,3.5979603137823704,5.8586657739786245,5.922886437796624,7.1476954243862645,10.912884802866442,4.757266268873304,13.130361611341627,19.87305986959802,14.427546250439534,3.7226750136884914
T11_08.jpg T=300,0.0,4.311492115666464,5.101158353975788,5.321757205516537,5.284106243144339,3.387280705096417,6.2015074215041786,3.97613219793222,8.64248941029907,5.870546677177223,13.848079577475072,21.552383720615754,13.44846003246774,3.0546063391291955
T06_10.jpg T=300,0.2237128960814236,1.1326170463944645,1.092185486128049,2.7818887752554846,1.7988191154611957,3.3707946328743286,5.647453018966191,5.071843873570885,17.763394235820638,9.146600837196567,14.37643468634091,24.544824554758645,10.38503192178676,2.6643989193644733
T21_12.jpg T=300,0.3285283762877689,1.520547397205191,2.189267954585506,2.849166666586292,3.5769398538001944,4.201872146738726,4.747331945130936,6.598538678484994,14.157951025667682,7.647716805156933,13.976642402845972,22.759714487610502,12.76146474003242,2.6843175198668843
T18_10.jpg T=300,1.0356152142711808,3.0516600762997936,3.0287486271619954,5.943831472248317,3.8801852049482037,5.257728302583412,5.027860727217684,5.513022562846986,9.801378875166083,5.54529900818894,15.833202911546636,23.064617346337705,9.868253118079153,3.1485965531039084
T19_05.jpg T=300,0.3291018941548718,1.4654070247544546,2.183542291546905,3.9367253192231835,3.677227627542746,4.2250713402082924,6.166049097484383,6.159715573812657,13.405088145650975,6.773099734387479,15.11151561473896,21.59827404315311,12.290809209003047,2.6783730843389426
T10_04.jpg T=300,0.3437930261983226,1.510778629095825,1.5637766523595382,4.378758264669587,2.7970979818930912,4.90307628989722,5.45410817278264,7.370244584661722,13.143735371103313,6.802611953051537,15.463920508534432,22.357947166481804,11.320470706600823,2.5896806926701434
T02_06.jpg T=300,0.35532824354496395,1.5869445259759751,1.6419363732122418,4.484912876158884,2.796239428880378,4.868684450873915,5.384779624955361,7.2748725560488925,13.212293209764914,6.454380206643616,14.995993387097512,22.17265494529644,11.897135813452591,2.8738443580943263
T14_10.jpg T=300,0.7206176805465261,2.958544310134588,3.7468143624872203,5.65755703546502,3.0656491548231317,4.69054174227832,6.020657136877457,5.366026744747097,9.746521233147652,6.212234600540223,14.361728683151815,23.292456789773105,11.65722924130559,2.5034212847222617
T10_15.jpg T=300,0.9993246323013094,3.8837600340073615,4.651573520769568,4.951126524533484,5.054337601693158,4.943439276544765,4.556647755509479,5.1663324407549815,8.783100838914228,5.268185355201782,12.52486108283097,23.81414116135965,12.788709845102561,2.6144599304767007
T01_07.jpg T=300,0.0,4.490122171923853,5.289021987492287,5.510105730745631,5.453447942658447,3.458869946834717,4.669715508377422,5.25530878783235,8.446625719707361,5.416649316314103,17.46370261650779,22.403654721432414,9.915416245205856,2.227359304967771
T17_11.jpg T=300,0.24969016622499204,1.2121167988373769,1.864695368479792,3.403072078769225,2.2102924345927004,3.9899296543523457,6.1761082583476945,6.637876137236372,14.71623545634619,7.705638860162455,13.806212267606327,24.152635798794154,11.020659082012337,2.854837638238041
T17_04.jpg T=300,0.3221907471442045,1.526716194028596,2.293031756224269,4.016889069740098,2.465644734135704,4.264657511001813,6.290259010267035,6.437391899309758,13.522537796792085,7.417162955267449,13.642044136276814,22.158876230862138,12.956089371806707,2.68650858714332
T13_01.jpg T=300,0.0,3.7411673372267873,3.185046730691812,5.411156117035202,3.809362163146056,5.725734952311772,5.471677246352779,4.859766075268546,9.691385125395843,6.235485692530247,12.705742859207652,21.921966979994465,13.98248946244428,3.2590192583945576
T24_06.jpg T=300,0.5300256882029891,2.25079327924934,3.1625906039043965,5.261278044054898,3.0155442400281234,4.8331373080297055,6.463903912237844,5.908312999200088,10.70816044618092,6.042238125381485,14.165376411208555,22.632955057142137,11.975425736170704,3.0502581490088314
T24_02.jpg T=300,0.9042763342533164,3.561271828798944,3.109024760522765,7.042218179536087,3.709631669922358,5.515763673249328,5.117835597070176,5.7903792609976925,8.648249118775468,4.836711902490368,14.038731494333156,22.506764231018682,12.676465724908773,2.5426762241228884
T20_03.jpg T=300,1.3170843533818368,4.915884399554115,5.482076160527995,7.1013666837652885,4.988831165448215,4.5672652150245545,3.9365897398901306,4.183818432179858,7.4760075817566385,4.403943339467316,14.194628766240369,21.70868324392189,12.569525595753806,3.154295323087972
T02_07.jpg T=300,1.3217873596458425,4.917895413487855,7.092380396646522,5.168425191821098,4.775914984447482,4.2911666023653,4.889837476062252,3.9061704391307552,7.2176093757353925,4.615569460475032,15.130538079315558,22.357147027310805,11.360821525364438,2.954736668191675
T04_11.jpg T=300,1.0146330792812968,3.94355401876246,4.703307184739132,6.6333718290517725,3.3017077464729425,4.745433085981318,5.711743758117456,4.777755773779933,8.037450701616907,5.307955931152286,14.294613648092113,22.66018718023845,11.876703336046507,2.9915827266674198
T25_06.jpg T=300,1.1854437456870854,4.502203319201097,3.670408961814037,7.739123451728853,3.8450342966640174,5.439758947835494,4.7809743666151245,5.143959112880784,7.396697064054476,4.352796497960707,14.284752798245693,21.75591248890432,12.771118738336654,3.1318162100716656
T22_02.jpg T=300,0.0,1.9188359258850067,2.799447455762285,3.5367216070373813,2.91269146651384,5.057558878294395,5.548741845707748,5.5861824732081224,13.879292040884133,6.905184952988168,12.926386514509671,23.1163917872671,13.398510907008125,2.4140541449340343
T15_02.jpg T=300,0.0,4.6933075319381965,5.5341939925555526,5.73324534999307,3.768575089013592,5.36473666800997,4.794266965385951,5.314260289483509,8.339483018103717,5.062270562292323,13.19735252688448,22.438461424180225,13.199908458880744,2.559938123278672
T23_03.jpg T=300,1.4343574025345327,5.189375688194978,3.919324569417845,7.632187524888103,3.584659959509916,4.947336233326408,4.307989191339814,4.704394272781546,7.385039558245197,5.134151781671436,15.482839647237315,22.850200959183717,10.866869440723548,2.5612737709456344
T12_17.jpg T=300,0.2429151122886327,1.4401220260773415,1.5609878782639264,2.902824117394266,2.8673725924057765,3.4928756958398437,5.525618258128688,6.092950519745503,15.317080843480245,8.524832532396461,10.42018788736018,21.82835520879804,15.077940382279966,4.705936945541134
T08_03.jpg T=300,1.0213680046460536,4.030059218535564,6.337919500279565,4.956547540159973,4.925196949237856,4.6763578663478125,5.541698080280108,4.514110804597332,7.988032432904543,4.485406294612698,13.278643201303325,21.52756777581329,14.185338075415075,2.5317542558668045
T05_11.jpg T=300,1.1612607702490572,4.354632747324007,4.9900941756564965,5.123076124601901,5.034505789519303,4.814103025317486,5.802983201470293,3.649304054599156,8.302001605509874,5.0911169733361055,10.981511450059005,22.23539726984536,15.260820915762393,3.199191896749575
T18_06.jpg T=300,0.7654538118364601,4.299051216758103,3.932993761381496,5.6880782191699195,2.961035413589558,4.45189196197421,5.5933103401344155,6.036826452540783,8.507029148472043,5.7647294020948125,11.947896162606135,21.612307969773802,15.039742285673986,3.3996538539942747
T16_07.jpg T=300,0.8692042455298232,3.379515822805152,2.923998267861061,6.611121513350071,3.481181575215925,5.221934089557712,4.9174111680337385,5.678860225879195,9.057400715179273,5.90845869361002,13.858183623810095,22.45395325199427,13.030896596978295,2.6078802101953857
T09_12.jpg T=300,0.4128662624214128,1.8739322751309844,2.609120936333215,4.406863165926847,2.649529693871909,4.467826799865333,6.411454533926331,6.331995615390785,12.509849039204974,6.632984130223835,13.724361365170882,23.68842272814361,12.020641736761325,2.2601517176285624
T24_14.jpg T=300,1.5027014572624722,5.3646717869158875,5.6299902305450775,7.1225057767149975,3.280240754068728,4.4420846655515405,5.095993698349758,4.134150811168564,7.023235284554242,4.828412529934786,10.017138038742443,20.448184739699585,16.910557551075733,4.2001326754161665
T23_06.jpg T=300,1.2951866973731805,4.7965867146491625,5.4601091512191084,5.416848621435267,5.124740659563821,4.7113698314770796,4.0859581761465575,4.4279291441023165,7.615005760327837,5.065180651415128,15.402384408639527,22.832530737682905,10.822156835201257,2.9440126107668623
T17_05.jpg T=300,0.2014290641465448,1.0332500899068378,1.6422758962167388,2.9654241207963867,1.9536765709964128,3.6151806319287902,5.845991008601552,6.625286968014492,15.870024114584876,8.253494687307956,13.93445957893394,22.5884854099966,13.21943017714273,2.2515916814261434
T08_04.jpg T=300,1.012837530915115,3.8483852177784246,3.2635362397113767,7.219173282987268,3.69914017796923,5.413288811306658,4.932740785642755,5.500732372850771,8.345776323071357,4.946340165265994,14.912329549604216,22.34754550858993,11.942213081742828,2.615960952564069
T11_01.jpg T=300,0.7288501049436692,2.871120595311642,2.627305339061036,6.373330615092117,3.54640667521109,5.526247629040578,5.393475702643956,6.352878512161058,9.723284257561584,5.048007253249932,13.340484956980813,20.634636165299167,13.627958357426396,4.206013836016972
T24_07.jpg T=300,0.6387086420260522,2.5841012264440844,3.5718612373469085,5.808250466603784,3.238718213774098,5.031610311101568,6.5218357030869285,5.7586914572090935,9.849268724633516,5.3083454209001335,15.035678999696925,23.37799538657719,10.732787117522982,2.5421470930767387
T18_11.jpg T=300,0.25603915383270603,1.8354078537036904,2.7934473367244435,3.568316515615852,3.2218143648789592,4.893653669195297,5.3458490911014165,6.708567508420148,12.934526169691484,6.801082761207078,14.292768804272713,21.395294709596087,12.811063324532334,3.1421687372277978
T07_06.jpg T=300,1.6002335199731452,5.691654809889625,5.722360586026777,6.96537736780429,4.6790097007031966,4.147742054974209,4.7062285578492284,3.750681726022569,6.263275775483236,4.737369802722767,12.709480283599556,21.898722290210557,13.031706506134885,4.0961570186059575
T05_04.jpg T=300,0.9493693687804801,3.8362740529529,4.522562507282816,6.3943044740982105,4.8568776775125055,4.711199402583119,5.758887255152061,4.804043048314647,8.502584856484981,4.364403961144263,12.461352470750954,20.632414951242907,14.618026188062592,3.58769978563758
T18_12.jpg T=300,1.1102639945375508,5.4970045481554815,4.467710954203244,5.906671193247602,4.254615087716706,3.973524407781112,4.701561565639136,4.877049293480527,7.677543008291763,5.811876010841629,13.630585027961988,23.01128915633101,12.527979470219295,2.5523262815929577
T13_12.jpg T=300,0.31206866868996064,2.01004534724899,2.191442135884831,3.844990623547713,3.5349601471019105,4.025931059100008,5.879701073960391,5.895475347164685,13.96390608489068,6.465459800219435,13.659141924382212,22.532786731513816,12.620290042202337,3.0638010140930336
T15_04.jpg T=300,0.7605290232994371,3.1834804392338403,4.322067340259711,4.9805464900060645,5.32453944092945,5.352193630770187,5.04261279524371,5.747026975621242,9.386745856113658,4.624933246632557,15.096925557399011,21.641122222235406,11.755642132256765,2.7816348499989587
T12_12.jpg T=300,0.12870100647424368,0.8224640413073432,1.225471045613273,1.7657516335190957,1.8405761302472,2.4063786542939654,5.282107149139414,5.3348496731218376,18.162657872845767,10.8976508363428,13.377271810867482,24.042829075804228,12.5585940044876,2.1546970659357467
T13_06.jpg T=300,0.740239901964723,3.0128939441701066,3.955089819256351,5.977766715895697,4.743706567041271,4.730389838089726,5.9311604696560885,5.088731966964829,9.407476599281713,4.973590512242359,15.37399676285486,20.72655678550528,12.703064498569686,2.635335618507302
T01_09.jpg T=300,1.3009618022214031,6.570948424696372,5.4801158371587775,7.206564612762735,3.3664310258498324,6.02592207617574,3.7990489425292977,4.866348614421066,6.400196228311219,3.649750763173602,12.686545181450734,18.665459196967273,14.847218487232986,5.134488807048963
T13_10.jpg T=300,0.09582867991709128,0.5707392463395398,0.6368896410555961,1.4741767304646742,1.1657152431368585,1.5021618573152438,2.7844470667807526,5.040670968630017,18.037641487897826,16.423346799293142,14.383215129153907,22.58616949538502,12.596898374095929,2.7020992805343886
T11_11.jpg T=300,1.1568714821400996,4.388792946585936,5.1130835986416985,5.227459719423188,5.125313797138118,3.236706539943241,5.78485958820821,4.81976158731614,7.5686611600573634,5.448920538759352,14.625711110435901,23.53574455257382,11.261401911050742,2.7067114677261865
T03_07.jpg T=300,0.0,3.6127478301924016,4.4408685962554415,4.847779468897329,5.104942841711449,3.4384043444692582,4.973091450112214,5.952811002986678,10.08579515952194,6.070692454881947,11.93752721781584,22.881334464594932,14.59149469367634,2.0625104748842302
T03_06.jpg T=300,1.0840598537973505,4.126786159621578,3.2894370396408967,6.994862348781793,3.508975784620065,5.06926309921036,6.1721203490988135,3.91520211898736,8.919941585662622,5.054312814953184,13.919466922726604,23.021261115259822,12.050555789218311,2.8737550184212424
T09_13.jpg T=300,1.0261646899447423,5.337902651480693,4.519733364445674,6.061273389795472,4.426749825474439,4.191231162966933,6.2502474091825215,4.109900765171522,7.524425425512077,4.866725658659886,11.213593944568677,20.34398187277696,15.169117877726517,4.958951962293877
T19_04.jpg T=300,1.3754225173361985,6.6980951796430945,5.1839456767326375,6.459793710209046,4.421100554732202,3.995923240732095,4.594433601563939,3.703709202976011,6.802379622898363,4.998146118137268,13.189571264057367,22.38226773592011,12.808862776298016,3.3863487987636427
T16_12.jpg T=300,0.1321287832219463,0.8379450304795091,0.9126497007386448,1.6236915712965818,1.08310522021351,2.122132457959939,3.8495969516450734,6.462074996467288,17.42067995853538,13.532113241405533,13.44508403522483,22.615962239938888,13.613849550536733,2.348986262336154
T10_05.jpg T=300,0.3381983706621075,2.1212223014751994,2.9837698660700287,3.882351499819364,3.5482596260914363,3.9787801348209055,7.034367699153594,5.452331707944243,12.416737842591756,6.368610847401648,13.608916856562749,21.866977904508424,13.048768612722581,3.3507067301759688
T09_14.jpg T=300,1.2493636227500071,4.690062100622488,5.375382304509901,5.415645271539236,5.260377847347334,4.915304415587729,4.311176153221524,4.632408051697435,7.52056289542295,4.758299416643173,12.660815158031975,22.83465870548864,12.786350672164946,3.589593384972676
T02_09.jpg T=300,0.20933962892444685,0.8806717073957168,1.3168294480562917,2.5852907604231765,2.6850804111706563,3.4217818912823947,5.689251926901237,6.584233868985795,15.972085889209955,8.699993456322636,11.893486599513741,21.410195228933038,15.085317476223107,3.5664417066578133
T10_01.jpg T=300,1.2735364666106792,4.735064749435822,5.23243675352862,6.844425276512053,3.2470808748560094,4.5131805179559725,5.319897013224113,4.394152734568356,7.618441362055548,5.076284621163199,12.496644905700085,22.81180506175097,13.781665232136927,2.6553844305016607
T05_02.jpg T=300,1.4471104639264438,5.369918307271275,5.876012167167118,5.672183503816452,5.270498752681107,4.7836365274751484,4.063428551529209,4.2710015846330025,6.983590509202546,4.503760385800131,14.645651220020607,22.626562143576063,11.532668862478786,2.953977020422107
T21_04.jpg T=300,0.0,6.289511981650128,6.67283500139965,6.1392582226208665,3.673996045470149,4.973226325882382,4.288685517869103,3.5074487995663075,7.411524843075128,5.098096498486767,15.362216053311828,21.64328556478374,12.354661272558214,2.5852538733257378
T04_03.jpg T=300,1.437621622371792,5.363992001705383,5.8364849656355275,7.4828342660391645,3.4711388369619,4.715809854818303,5.321910471635992,4.163326118051837,6.601983471451893,4.199502929057616,12.821013637176144,22.030331929387888,13.426201630628949,3.1278482650776054
T07_03.jpg T=300,1.2459844832181786,4.564226905519007,3.4894734950932587,7.188022388539965,3.5237119819451657,5.017383817858587,4.499214842257152,5.014629979279689,7.933593742477767,5.739161046384488,13.3016714527542,23.225884337968363,12.601353445565973,2.655688081138206
T17_08.jpg T=300,0.0,4.6714130959636435,5.678096290688296,5.865223312937835,5.719469708112186,3.5840606948364813,4.794419483770331,5.312871439503028,8.151890252512395,4.895422788315818,15.990925674423961,22.164506767361665,10.977498353018564,2.194202138555789
T22_10.jpg T=300,0.0,0.6168346215577063,0.5625569415748368,0.9948133828201772,1.085419744416636,0.7943260125772428,1.4820309716731217,2.128643869152452,14.890939455945716,23.038880156920165,15.41801326380234,26.371860853526112,10.414351029704722,2.2013296963287696
T13_02.jpg T=300,1.3709650023987596,5.0797292982595925,4.0422077213686265,8.119928954928143,3.8022382562299035,5.194103269725799,4.477695422265407,4.782346948804418,7.061880755866561,4.52899703612948,15.059626612923644,20.997814042681416,12.45935462476769,3.0231120536505403
T24_13.jpg T=300,0.2403927112750369,1.099020825676138,1.6670779919846923,2.329783935062775,3.1251370329011445,2.6050922167356694,6.3476193074451075,7.150327481325368,15.175778134631296,8.476116689916157,13.396271135387465,21.88328380565484,13.62951989596922,2.8745788360351145
T10_10.jpg T=300,0.1659816751715486,0.8384750429159054,1.3886657795897919,2.6890730528167652,2.728816526348071,3.410061771661109,5.566200414498921,6.3271965962910794,16.509759392052292,8.622006647409956,14.049295509631447,23.64111765579,11.568373602008725,2.4949763338143898
T16_17.jpg T=300,0.425920418799938,1.039376395477542,1.994884415714655,2.7616757225120514,3.615287221304618,3.2640810689659308,6.3064225305058885,5.405085980884074,15.318370708010368,7.7728188448435365,12.273487805129564,23.829537299734245,12.816451666046294,3.176599922071286
T14_12.jpg T=300,0.5855554968973817,2.443671662948518,3.3235287920049887,5.368885838770906,3.0463455463148983,4.827963076186788,6.420427736253632,5.855503843145393,10.572309162443633,5.688674103091523,12.755273146973089,21.253663165906282,14.874435537428047,2.983762891634928
T11_09.jpg T=300,0.8800858728135355,3.4600226233885936,3.0663611703974456,7.018395949426119,3.696427194977451,5.53848198913693,5.165801971731908,5.8436710994077785,8.666695237305339,4.536339607950662,13.918733556743653,21.07391563156904,13.245213607327766,3.889854487823805
T09_10.jpg T=300,0.1634550436872504,1.058246065758135,1.1749709289842891,2.2520388869978167,2.3267608282336028,3.9989966483028265,5.0723279496230935,5.971696143896702,17.622306910269316,8.819398499238712,13.694885045260609,22.047365952597946,12.223960763273025,3.573590333876671
T12_03.jpg T=300,1.6021172791154608,5.831957653577678,4.315846233394788,8.290987250586513,3.7907838248579218,5.0782651783478645,4.2814203378788935,4.435941745522679,6.347281926675942,4.4078078127890326,14.951239988339909,20.964085170395702,12.236646614534813,3.4656189839827984
T17_01.jpg T=300,1.5147566908747756,5.438873442961771,4.031984114678994,7.792317024124457,3.6146153053390337,4.914710667079876,4.24137407345691,4.5990156829142,7.132656985525764,5.153292767370981,12.780162151794649,22.191908476291815,13.183719281146756,3.410613336440006
