Image name,0 mm,0.063 mm,0.125 mm,0.180 mm,0.250 mm,0.300 mm,0.355 mm,0.425 mm,0.500 mm,0.710 mm,1 mm,2 mm,4 mm,8 mm
T19_01.jpg T=360,0.0,7.578173372021749,7.903566626712529,7.165765865467249,4.104046942857784,5.248241328175087,4.1949231218213505,3.1053000053283992,5.8935998213964895,4.2182176501542346,18.718262156664377,20.299696532942498,10.532785171240612,1.0374214052176363
T06_11.jpg T=360,0.23606714708666976,1.1472188721489345,1.7488128663539757,3.335564817222713,3.372403967301603,4.215686559541666,6.689703413340116,7.079679649856187,14.8895911891383,6.7957700457942645,17.030832576095367,22.938443695803713,9.58535790028272,0.9348673000337722
T19_07.jpg T=360,1.9062037572701391,6.688799845789161,6.8364915851252785,8.104668376442206,3.511744323859689,4.496652550879419,4.7485582733117475,3.5104162644408436,5.548912064051817,4.144739242683813,19.292433031417143,20.891085095050702,9.165283075173276,1.1540125145047655
T18_08.jpg T=360,1.494586381801748,7.030055228402375,5.272659905443433,8.0209344008183,4.290530409161537,3.7649303784666537,4.141436079988279,3.981990372008213,6.322718802996618,4.944084525335574,19.50369442188536,21.81624168630709,8.428886481475404,0.987250925909412
T25_05.jpg T=360,1.5398675768735175,7.446380119306903,5.931371268399336,7.324932041427719,3.2875424816280288,4.3074202065307565,4.652076518246419,4.346970622170752,5.6624708215717074,4.768590728887017,18.943445092831467,20.055743561240327,10.63253148387709,1.1006574770089552
T11_03.jpg T=360,1.4081231778584773,5.0827073712974515,5.658423666724643,5.68791682266278,5.40862106066726,4.9240486119848725,4.170734280287435,4.352117570629949,7.114412637387537,5.195991065377759,19.21879116168316,21.62657959427445,9.305013423396636,0.8465195557675985
T19_03.jpg T=360,1.562274315896882,7.508178295173043,5.682706295057676,8.648899136272709,4.538066682680023,3.871866595347858,4.0951649080326815,3.772988044026081,5.346074015881434,4.535393103718513,18.650850612533095,21.506330858462423,8.898725653399184,1.382481483518385
T08_05.jpg T=360,0.8629227662895944,4.763624570220628,4.572034843467861,6.802600211291303,5.235967554956477,4.988234279527546,5.800427429057349,4.503441196207391,7.190131058479352,4.564994673755001,18.923972694227267,21.1393440723834,9.459625976259293,1.1926786738775366
T12_06.jpg T=360,1.5462110020553654,5.444083013798847,4.029335967467596,7.981858010165179,3.7464882811141895,5.134580053453692,4.349415169507695,4.551894010383994,6.884763659146423,5.332418952583391,19.477287843063475,20.184874496903358,10.260975565753748,1.0758139746030682
T25_03.jpg T=360,1.4459415512050602,5.109881055154797,5.341859849834598,6.753274967114506,4.686833483955813,4.220764530836815,4.7955597072615905,3.823268534233076,7.2241578032375315,5.744278584219671,20.222569875360172,20.79352132809424,9.06453875873867,0.7735499707534536
T01_11.jpg T=360,0.0,5.261420687446086,6.091482991326853,6.2463284565714225,4.02237766879007,5.6071648400825405,4.8590519596279815,3.8643449964681835,7.650716398086188,5.334153157749002,20.641919692795955,21.746805081391145,7.913909608489559,0.7603244611750293
T07_05.jpg T=360,1.632674545351049,5.776274006497856,6.103642832973232,7.581420910054136,5.034461801101597,4.370092898807585,4.734405183459653,3.5529430637931805,5.735015411418719,4.6336391868975415,20.568089854638234,20.597936804570434,8.700276836601324,0.9791266638354632
T14_01.jpg T=360,2.0999849651213167,7.210531012037038,4.972997153734141,8.853108333162842,3.840478773763544,4.942350941134567,3.938169703657536,3.884631100507093,5.585406716356739,4.180439195940484,20.44580552804898,19.868477409289614,9.056431962467355,1.1211872047787579
T20_01.jpg T=360,1.8740756444289703,6.696450719380753,7.229109536714021,6.701303110097733,5.8677215536658816,3.312904161129401,5.159956512730074,3.694273904585411,4.995640756524368,3.916629047949353,19.90379749725807,20.264550874100852,9.141305719674348,1.242280961760767
T24_08.jpg T=360,0.1962649995223132,0.8443711092813336,0.7101579008399359,1.567286877011424,0.9011465253670102,1.6722810711952991,2.3502472836879207,4.785154506299304,19.41918163837177,16.188974197274973,18.571433255621773,22.99775302746745,8.73377150284289,1.0619761052166006
T08_02.jpg T=360,1.6963218248633165,6.0965364466202665,6.810913119143715,6.520578795184518,5.870258800554327,3.38263001616138,5.3889754062333965,3.9446255341543592,5.46214154020123,4.230654034593458,19.372975677371524,19.966166275288735,9.942881148964807,1.3143413806649742
T03_04.jpg T=360,0.0,0.8709346415390865,1.1593564361342596,1.2815796289489054,1.0155959851369052,1.9871461234741647,2.893017313999977,4.418564262035312,21.616540832396527,14.074541151063526,15.566825530112679,22.76203048739081,11.118242013503899,1.2356255942639345
T23_02.jpg T=360,1.90197282627056,6.680136407964504,6.831150692104536,6.107855872747548,5.3200565601089895,4.519727199664999,4.780763203416028,2.6866727598459006,5.773087526983455,4.289611008103231,20.515938570175525,21.28966057442645,8.528848739437041,0.7745180587512255
T08_07.jpg T=360,0.2397282874214378,1.593811374907958,2.580846801819402,3.6826305199309015,3.6340661300021027,5.760851631654592,6.352125612889751,7.66857977428458,12.223107787007535,5.650557433923079,18.28780905392699,21.107344945152352,10.323198759880595,0.895341887198727
T04_01.jpg T=360,1.9711842717343184,6.865459179412503,7.0227177099079965,8.53285653332996,3.67180800736498,4.563600491624176,4.6597430247291305,3.304144850968428,4.970928346433174,3.7005627314019818,17.537716532735413,20.17129669844861,11.801196278719573,1.2267853431897555
T23_04.jpg T=360,1.4011630216311852,5.095504145944078,5.661851350922492,7.361482194191438,5.110986880141509,4.562555809329034,3.806710854871172,3.9456157205183136,7.293224513036701,5.004368185206519,18.430993956870925,21.616400180970807,9.528081372432586,1.1810618139332263
T25_08.jpg T=360,0.297874654605252,1.3218714633442423,1.5910070307859472,4.873492014689892,3.2367736590413783,5.7239646520802685,6.230590328769195,7.953940630711856,12.14229554334722,5.957219795891602,19.76002238893452,21.784980262163682,8.460832124619914,0.6651354510150275
T24_05.jpg T=360,1.3489974242173002,4.928137273054619,3.9085956481662016,8.00879044681326,3.8112592744487768,5.19157380610029,5.882532686047409,3.462379425105984,7.414281698093557,5.0424335928512525,22.317569892119398,21.012811125301727,6.980112337149987,0.6905253705302247
T25_02.jpg T=360,0.36694110792237,1.7874739627257483,3.789014720884819,3.8197488412492056,4.663956694258383,5.151620176086918,7.023878076610197,6.295757970925625,10.8560985006328,5.347487608868488,20.053952142516295,20.888348233338665,8.886293225175082,1.069428738805401
T12_07.jpg T=360,1.9170385700980903,6.49909078605721,6.365877459127803,7.50592265953385,4.822294583631171,4.1311312694262865,4.459615557891927,3.345512164458915,5.813014214997419,4.438637616273244,17.119647390903044,19.221806729662443,12.529499982171311,1.8309110157672959
T14_13.jpg T=360,1.5218995305285428,7.135033920030335,5.516528059679217,6.817783183160085,4.614942546240232,4.073727206644653,4.515179408430656,3.492372458330318,6.278414080639317,5.446460082888152,17.706401721694416,22.09864554501211,9.853718221152038,0.9288940355699348
T15_05.jpg T=360,1.8102722585920343,6.4090828998510325,6.409962382943273,7.600489591393454,4.9004593807838805,4.142163203978053,4.430093561171528,3.3222766964166315,5.906886392227919,4.4448932459548836,18.112656621056594,21.781758103707773,9.731560362066293,0.9974452998566496
T10_07.jpg T=360,1.7309349022026983,8.009396606282621,5.8459220452132366,6.900309220424802,4.501307075712033,3.897663485452723,4.211865061271065,3.195025291851635,5.878448227322114,5.096081578170296,18.87721807896327,20.98492633775874,9.96204822622364,0.9088538631511284
T01_08.jpg T=360,0.0,7.507921343345003,5.360145274765407,9.890368402953676,4.3584397016089556,3.7225423253424506,4.412527751296156,4.315022177220629,5.596633907081977,4.340167555261078,20.395082711096553,20.87434023629377,8.216970769724579,1.0098378440097684
T11_06.jpg T=360,1.2630790826546123,4.7559793771159296,5.445717917921081,7.411086841336975,5.225719867018769,4.6828367557464174,5.246239154873535,4.050586465947655,6.44850188860315,4.934261188767191,21.58327187746778,19.614379029532326,8.570313919490689,0.7680266335239107
T23_09.jpg T=360,0.7024981350961779,2.951619712211105,2.8071268454939724,6.808741922431046,3.762576757771362,5.794142327596076,5.519177623570911,6.267278290641171,9.020795457691898,5.501663205266744,17.606994356649704,19.21363284033236,13.08159326096035,0.9621592642871336
T11_10.jpg T=360,1.428195396735475,5.188738077675637,3.9846348213006846,7.969590728949449,3.759394908373452,5.114521261952048,5.796061201025113,3.412615572449522,7.361573159268586,4.902384136434017,19.522374622524623,21.283318695841977,9.166827023079962,1.1097703943894317
T11_12.jpg T=360,0.6375086116339108,2.647483907595624,3.80736384640584,6.398461336126819,3.6105495084812302,5.572206057677199,7.03966063008013,5.873096191176296,8.90610518034247,4.933913889810807,17.25506490524934,21.00632043366669,10.741458909213051,1.5708065925405932
T16_04.jpg T=360,0.0,2.5107086645195675,3.6164060675625462,4.649983563871672,5.513926916727447,3.987788560115271,6.013345832919546,7.139437801736878,10.46844156807342,5.348203180078429,18.47606050371251,20.842623142727106,10.250708130976887,1.1823660669787306
T17_03.jpg T=360,0.2035945377703489,0.9879513264535768,1.7789692577995742,3.6131410526137855,2.4762597758801883,4.6424038280679625,7.362069473437936,7.722954192169992,14.246716629178257,6.256076646214348,19.696411267131733,21.72051067086215,8.55708494175132,0.7358564006688698
T09_01.jpg T=360,1.8879018219264727,6.513926413152841,4.59945893578008,8.553951577159715,3.7577942422911477,4.870668443131706,3.943855896170645,3.982458162184464,6.4193650222649445,4.550862539634684,21.31094463431865,20.698361064210985,8.010729309699212,0.8997219380744681
T16_13.jpg T=360,0.09908105539245347,0.6118467133764011,0.7069341516103369,1.2472952222208495,1.1807011352702328,1.5242681995206828,2.979685261570496,5.780798132314597,20.95401168309079,14.14411375181942,17.28904468093519,22.18798339139579,10.35605195885156,0.9381846626311944
T17_06.jpg T=360,0.2823369412835405,1.3626083403332818,2.0089574937074093,3.742160123113461,3.7654510829856,4.6274798113603755,5.350815517235468,7.274361784680747,14.501829246393509,6.227375056287423,17.31261584557257,21.693687649071908,10.812096086128278,1.0382250218464453
T24_10.jpg T=360,1.7418403432828533,6.056084593821371,4.313259146243689,8.194134983026066,3.673153542320304,4.8601583932527515,5.374800926332092,3.123395464548384,6.810613157487124,4.751409894829711,19.17087263089261,20.36674740050922,10.480733322363577,1.082796201090254
T17_07.jpg T=360,0.2078907575777867,1.505220699461224,1.8502904619420928,3.5613204903217737,3.565671878259669,4.38689158843367,6.812287655794506,6.991986284113895,13.929079027519322,6.142261055496987,16.439663634861333,21.83332118277185,11.412120135455465,1.3619951479904189
T01_10.jpg T=360,1.8508169635028069,6.673223484534737,7.06400639537777,8.61451018848781,3.736519847864201,4.693874093203948,4.789353823779552,3.3716660227655284,5.031384514984634,3.509587396633701,19.97202477098736,20.166648487823103,9.327197141461546,1.1991868685933005
T23_10.jpg T=360,0.24375733644293715,1.066448268393818,0.945641735334414,2.4700860368148017,1.7207243228890148,3.5156701411536253,6.35682004962837,5.911376329647249,18.73517731672037,7.970968156071246,18.567874063332678,21.565541194431013,10.075772764009539,0.8541422851309195
T18_04.jpg T=360,0.18118774640686,1.3007651002196852,1.7306552632722654,3.4696400290644416,3.5470995783185035,4.402047734474902,6.879512177000207,7.108967493420378,14.189365312162655,6.116232710004997,18.083057075755328,22.308077273097968,9.69218501625174,0.9912074905500516
T10_19.jpg T=360,3.412994119259406,7.622179571660294,5.216918698032158,7.458620337786881,3.7762069620725778,4.245444720061902,4.236745617966124,3.2137876955838687,5.499750586958681,4.585774826993618,15.783333035530314,20.57313832647581,12.959832170243695,1.4152733313746808
T10_14.jpg T=360,1.0372978763507708,4.041719809227235,4.983269042791708,7.160904810155728,3.6130464226398247,5.188933613517126,6.104044675440731,4.844505015243929,7.518878437953436,5.002159356098521,18.449705520392033,21.09559480044458,9.906428243811671,1.0535123759327232
T16_08.jpg T=360,0.27347913525508616,1.4295579947095165,2.421603274917396,4.535807853310134,4.34740216777369,5.030033841826124,7.191040299192629,6.7277405080878125,11.170212825993893,6.0232674838043945,19.317842764470857,21.281307982944924,9.392830914641117,0.8578729530724318
T04_08.jpg T=360,0.21475457026919487,1.030512270088001,1.6969585731917294,3.4194441655098147,3.548152094862247,4.425981888095458,6.935290970732304,7.191390184947567,14.657461289931593,6.215709274223121,19.91208331535903,21.63188204551338,8.60214746656666,0.5182318907099008
T08_12.jpg T=360,0.4314553752680961,2.678601461402374,2.8752139527237106,4.900590453406762,4.397407712507549,4.8486527850574035,6.625850215146422,5.981149910781102,10.62800092317462,5.596151023101768,17.662609430727194,21.35125972355198,10.675979263125793,1.3470777700252294
T04_12.jpg T=360,0.4823937132079894,2.9611399260151314,3.2233847703508482,6.754103399676232,4.660259751188292,4.841605725559185,6.1917417030775805,6.55405465440269,8.603029165623314,5.212147291661413,15.915033393230848,20.85136475530904,12.130328698698422,1.6194130519990102
T07_12.jpg T=360,0.4284394921165178,1.7647562049118124,2.7339212932558667,3.959517715258792,5.051432465316396,5.675792571410162,5.8559962654293285,7.0463297754496255,11.151631289114153,5.614881419770967,16.174211774117662,20.36481699939512,12.935077180081231,1.2431955543723627
T18_02.jpg T=360,1.5794163145437592,3.8015110179133282,6.70225974499012,6.655785105598266,6.162864248979358,3.6621883095498937,6.017859143326149,3.401732476954987,6.462018230690843,4.620250008418132,18.063959991860585,21.39215672243456,10.3611106759191,1.1168880088209354
T13_04.jpg T=360,0.3561190726201201,1.6966580459236733,2.7428305739896213,5.086118755483467,3.1965591545591185,5.420273090282652,7.566764028531378,6.922074191539703,10.961571351762199,5.351785765564896,16.347116504814082,22.487445791181997,10.887347956555645,0.9773357171914564
T25_09.jpg T=360,0.2382984690530484,1.1373598549076145,1.6872310215312456,2.346526566757942,3.2487141413417837,4.206359774473636,5.230820268865212,7.787139958450552,16.022294962011365,7.114886560885132,18.341345465839726,20.862994511688765,10.704725489917873,1.0713029542761079
T22_11.jpg T=360,0.2334108740152193,0.9572372367949684,1.2624143029969586,1.6524599533415396,2.274300808499675,3.0766642218986298,4.2172205870182164,7.2396288533160575,18.955150739884385,9.211506324496193,18.996689770865906,22.161534695636398,9.026010408703394,0.7357712225324742
T15_12.jpg T=360,0.07385856393215591,0.270242917777437,0.3388942391438208,0.9606144583601592,0.8260955526921638,1.0879233028306652,2.1381324148451912,4.4466024510820725,20.717440951822187,17.913539204944378,17.79817129565525,23.11983429822893,9.318966303558753,0.9896840451268304
T07_07.jpg T=360,1.522467573260593,7.057156304522919,5.546538498491522,7.011507892353798,4.730343262804396,4.143983967576858,4.5535014405761745,3.5016188244558184,6.34523336384505,4.865684249853825,18.511994483290017,22.436829342572747,8.764285602200887,1.0088551941953945
T17_09.jpg T=360,0.08176918513029226,0.32066538581406595,0.4812823826152828,1.46736570207435,1.3624234892667355,1.9927593426454675,4.0943906278939215,7.530817450459403,21.953954743517414,9.933325792684624,18.988889516322946,22.95735757064632,8.036002174271331,0.7989966366578425
T14_05.jpg T=360,0.3893738202695665,1.6888901037792268,1.8162825084703007,5.164358409084941,3.2791443326982224,5.640651978286339,6.009444188977383,7.508768548425253,11.291657752206822,6.26810353619083,21.34942554790351,20.53734108652679,8.198834494093411,0.8577236930873987
T06_01.jpg T=360,0.0,6.098820813945571,7.205014542750771,7.221723141395162,4.451891618029059,5.86355106504474,4.6747784489271735,4.487706689024043,5.808018622267839,3.637518839978556,19.290990880911192,19.173143685512105,10.675753557493591,1.4110880947201985
T02_11.jpg T=360,2.1949326114377703,7.351442858219893,6.819702578703399,7.69965083221453,4.8403311282158725,4.052276939894827,4.189823816425013,3.0300563135722225,4.927894378052018,4.118768983171334,18.31711553957188,21.279000557655444,10.124035743282981,1.0549677195828209
T20_08.jpg T=360,1.3422907746447,6.644925296840809,5.446948723074744,6.9575976113468805,4.759646417278922,4.203889074758108,4.6111551610727215,4.414148229026932,6.208030236124131,4.82886225007336,18.80746756602645,21.292819383477827,9.382125887631402,1.1000933886230124
T08_11.jpg T=360,0.12638957817735266,0.6079356106598928,0.6345031226635539,1.2977412103564134,1.4649229556609826,2.100236540562914,4.24781708531768,7.722585457281299,20.80386435603611,10.299269043315556,17.604989744317997,21.691486479547095,10.345865966874463,1.0523928492286991
T16_05.jpg T=360,1.5721064354788017,5.558082174738481,5.8812422885306335,7.427311105638473,3.40203727234624,4.517726039394252,4.997480704850184,3.8892492782728882,6.530378081793367,5.289396451794271,17.482600533813432,22.36423790329433,9.960560696931985,1.1275910331226393
T16_10.jpg T=360,0.10517503984809333,0.5396944855048031,0.617531500448417,1.2182642157769066,1.209253073236053,1.6009882167067735,3.180478652610517,6.140381983554577,21.213950708101944,13.142537885809428,17.732809548330195,22.069295467854115,10.207355288101684,1.0222839341164836
T25_01.jpg T=360,0.0,4.219727993645769,5.517088117518761,6.191792687197124,4.28921183200772,6.209437155257822,5.499072518706146,4.382576944011194,8.092300229649457,4.960824053518427,19.430674755631664,19.98582906197348,9.963898188390388,1.2575664624920508
T03_08.jpg T=360,0.0,2.339325684473539,3.568842248425794,4.668466994272811,5.537605124547176,4.0107666254103815,8.030105608568125,5.320898138505479,10.293862889433091,5.646425506222307,17.065732827232534,21.477824689602297,11.11292199528593,0.927221668020528
T21_15.jpg T=360,1.4355231760652445,5.207734077982484,3.9908411242018778,8.085773553166911,3.8752204456016215,5.359609846632403,4.567722833206854,4.718540728405602,6.705251861977736,5.3118596705270535,13.706065438958086,22.12467121966463,13.693368734850422,1.217817288759085
T24_03.jpg T=360,0.0,1.2075569652925062,2.060577445227434,3.1490384134766094,2.9377385039049684,5.521085472798403,6.46885512577478,6.661206816495103,14.678069296090404,6.15513316349096,18.681881366701035,21.899952526840906,9.737728530328644,0.8411763735782616
T19_09.jpg T=360,0.8442114658661765,4.566834098253481,4.263605581390934,7.884169659642451,4.795947409461731,4.5734538998698655,5.357644290950558,5.25601741467846,6.949490063512356,4.935343438479267,16.509016568432493,20.97342604445797,12.229729961966386,0.8611101030378743
T16_01.jpg T=360,0.0,4.552549295811599,5.9785236582073535,6.5436154587786675,6.472012109541876,3.9882718614524166,6.74017076441282,3.833038223011089,6.791017141833353,4.368893158598637,19.456852745189327,19.901131195155656,10.014203519661642,1.3597208683455662
T15_10.jpg T=360,0.2290476747248065,1.2077572812927289,1.7961028407149218,3.229885056539612,3.2707306329611487,4.144082589450723,5.043116041096741,7.303762777822069,15.943933891581173,6.774025132679911,18.845330431563536,23.713312747362565,7.6961960800361515,0.8027168221739214
T06_02.jpg T=360,1.873441030474554,6.620410579739912,6.827409815378199,8.243283771252036,3.551840767999416,4.506408234000821,4.73403923092916,3.46563999085581,5.469677604052636,4.061938980713292,20.336932298736123,20.45950004088819,8.80561696067585,1.0438606943040087
T09_08.jpg T=360,1.8773026779846644,5.053391917585201,5.703720266584772,7.273250112590718,4.170612478814687,5.078416582869526,5.354511665578354,4.076581570820721,6.3103723828674125,4.5577117387082025,20.228428535843786,19.49604602970478,9.71672837265684,1.102925667390337
T06_13.jpg T=360,1.0350127425298157,3.913889932558885,4.813034430580208,7.0571941150939965,5.294873134043783,4.960154668361237,5.7370128998778345,4.486203072882054,7.462761134232321,4.596230079991057,16.819827204891446,20.30927224105332,12.287822398346355,1.226711945557674
T06_08.jpg T=360,0.4205946347400108,1.9394759132025583,2.9907734767353986,5.349281458198924,4.823489428780473,5.243570951393246,7.002992595286711,6.14358701924396,10.2937297948802,5.11255807434013,20.294627735921818,20.82605992556248,8.753121891532285,0.8061371001818082
T01_03.jpg T=360,0.0,3.3364897884253994,4.8847349510521605,6.075428336024762,4.42882005431414,6.599806873898557,5.94546204016513,6.248748435457282,7.919601067623034,4.030190593122613,18.896838379913735,20.093050717786536,10.298495200871523,1.2423335613451203
T11_08.jpg T=360,0.0,5.475090638880639,6.1508058792871525,6.042704736690575,5.63299572520101,3.422245727488446,5.852927356352482,3.4798604549510284,7.139071290753051,5.756611612724803,19.76957520809564,21.055940903278838,9.373447445104961,0.8487230211913802
T06_10.jpg T=360,0.28852590248017856,1.3677535767010789,1.3473265751384946,3.6752577689573567,2.451513186848324,4.603305253329718,7.409088043097991,5.998319744332213,15.529530367064854,6.461682225437328,18.1750945132708,21.904298979504333,10.174429094958713,0.6138747688785995
T21_12.jpg T=360,0.3529608447223658,1.6993120417824017,2.658198763366985,3.6168759597459936,4.560005441466193,5.236203048146408,5.611715891217847,7.095294262514447,12.098039366003224,6.121300147680285,16.963048985640658,25.28217789316464,8.11541385703178,0.589453497516776
T18_10.jpg T=360,1.3908152819289208,3.920135507389448,3.7755591319399007,7.097530017304009,4.409345821289468,5.6791660698497495,5.026301778094184,4.9779331615914275,7.760730589486705,5.054881503577505,19.71204463913332,21.11900431673137,9.170023514010149,0.9065286676738328
T19_05.jpg T=360,0.3337284587100041,1.493770198648953,2.428185648649288,4.689533740163727,4.4940419935295965,5.116827167954325,7.168532242383151,6.5859988913444605,11.559162984660855,5.531412787877307,19.63854999172957,21.44390374856981,8.545096815641303,0.9712553301376616
T10_04.jpg T=360,0.3127489588267231,1.3467362139414318,1.5478871668940113,4.735332405783772,3.1919958929544388,5.737717254171972,6.3375119876011965,8.11668653249408,12.04145004561328,5.802973773218219,19.374985072039454,19.741400601647946,10.86855610758076,0.8440179872327224
T02_06.jpg T=360,0.5292243487776944,2.241475793640078,2.326084701955183,6.258715866449016,3.7443784638306816,6.056499162605709,5.997489303618949,6.955765734123293,9.704108917260172,5.161174145053686,20.29255425031968,20.39592092044088,9.606626265147062,0.7299821267779253
T14_10.jpg T=360,1.018390662265516,3.982629421031018,4.9079071436290596,6.99690609659787,3.4929250522744324,4.963554260951375,5.8212884070953175,4.674129564361458,7.565564903339598,5.665428090725412,17.865567492516803,22.146725997374592,9.982356367881012,0.9166265399565374
T10_15.jpg T=360,1.4199704443626695,5.0826672025505,5.739322145383857,5.825948849077919,5.5292472762481415,5.0512245885042075,4.298177036817758,4.429940380043036,6.859579804114152,5.121505459042694,17.27170760810808,23.27539913562397,9.218872150162913,0.8764379199601041
T01_07.jpg T=360,0.0,5.2796586253277615,6.2286787958827805,6.330693682265236,5.993759893913128,3.6249070744104848,4.6046149714369236,4.813894207392703,7.219815727597657,5.074818227407811,23.278494959657998,20.52374884917732,6.478594446745664,0.5483205387845461
T17_11.jpg T=360,0.5679621134237484,2.4295188281222737,3.445721077799259,5.762812372479211,3.3423411896374486,5.332052187048155,6.968744455053852,6.07640056373325,9.833755354292194,5.589498940765194,15.73860923348452,21.995967941645432,11.994265522302847,0.9223502202126026
T17_04.jpg T=360,0.7495949036398452,3.06917098364894,3.9583855117618216,6.1924718388152025,3.4023096641018964,5.195986418394726,6.546428215912771,5.5739180147728,9.046120909420011,5.591178047078151,16.44284097602462,20.202011223242547,12.459764315914414,1.5698189772722615
T13_01.jpg T=360,0.0,3.616233886642431,3.3088114929112384,5.935469398892606,4.381128219597596,6.683560491266112,6.2366055172088055,5.163411602026039,8.658805751579674,5.3659048148671085,16.687427466844486,21.10866366490545,11.780214131035494,1.073763562222989
T24_06.jpg T=360,0.5986409548367289,2.5413789179757496,3.7395610372142083,6.262310580536723,3.524616104330463,5.454750816421997,6.916110593388196,5.811426865519852,8.874884639322538,5.360506278261865,19.464207317045968,20.65944304690203,9.804332164215207,0.9878306840284712
T24_02.jpg T=360,1.2642746919827494,4.786339874620557,4.0333489233818405,8.642679782025533,4.231540465262982,5.8326589607554205,4.87248610623263,4.872063700447655,6.329369604757594,4.12850022436789,19.368600743135666,20.77419517290429,9.546890802065024,1.3170509480601809
T20_03.jpg T=360,1.6870806709268966,6.028071791464777,6.3751561986938965,7.934716943696487,5.304026613153934,4.5609619318723205,3.646274562476636,3.5964629980412486,6.123383879554311,4.052208589697623,17.768871457251485,20.088404421665558,11.292995231483536,1.5413847100212783
T02_07.jpg T=360,1.5831817113714557,5.762865598489972,8.074231104501887,5.618514712177802,5.0094890376056185,4.374999704041585,4.735811847333112,3.4911872028833795,5.9052401568651876,4.4221875317162205,17.552648733325018,21.731027216946146,10.56477274134894,1.1738427013936708
T04_11.jpg T=360,1.26240063142056,4.636871562719548,5.390606680352912,7.383137221485533,3.538359521180701,4.871977710519972,5.542585231760604,4.32067948920278,6.865317020981179,5.212925433194836,18.078716840957068,21.262413812112005,10.57089626350584,1.0631125806064827
T25_06.jpg T=360,1.593596816342988,5.735356624257307,4.420206693199707,8.788012461528055,4.057186287701638,5.356645482883623,4.378711927884431,4.375765740901011,6.029824873596487,4.258335984378368,20.783509342820693,20.428516240963962,8.628898722951185,1.1654328005905532
T22_02.jpg T=360,0.0,1.7023786002952617,2.6567483469861366,3.645587140051535,3.179816950268364,5.699563007898809,6.371420525865091,6.289166234645902,13.403909461700303,5.976085823585253,17.050054748646858,23.19765681752206,10.073776952943351,0.7538353895910415
T15_02.jpg T=360,0.0,5.7037474765628025,6.435002184493375,6.392561074286048,4.0240731543927,5.484542267430436,4.631021788573964,4.816843555067766,6.9548762524147305,4.762395718030877,19.342722376916907,21.544715100344447,9.044860894624748,0.8626381568611945
T23_03.jpg T=360,1.7763135095006564,6.217198136635008,4.492836059439713,8.44786384104903,3.813175598878441,5.041172319645933,4.152776353048712,4.242735004155266,6.345317637060058,4.9377307466291915,20.802009720987908,20.59352214264516,8.418543013534906,0.7188059167900231
T12_17.jpg T=360,0.17256402026123066,0.985055740086226,1.1049543481368678,2.1692126300753025,2.289398254370954,3.0983385291288204,5.6551299268345225,7.071696928303592,18.280567086756808,8.076279030819727,16.79243649618791,21.24360782432523,11.800882121098955,1.2598770636138592
T08_03.jpg T=360,1.3004839985822307,4.815814010641809,7.331296542701514,5.491727325896707,5.1770223026880515,4.6658514340443205,5.174093676727893,3.910625311123976,6.594953092335771,4.510511199074381,19.42621330896836,21.77478980612732,8.60414875151886,1.2224692395688157
T05_11.jpg T=360,1.3681975168879383,4.987216481776521,5.752831089987372,5.826872749949354,5.554351739213043,5.065113616441214,5.707427575398835,3.2924594118542085,6.793474513200214,4.875100200400744,15.908162232890609,20.759115232214146,12.798792069488494,1.3108855702973
T18_06.jpg T=360,1.3448011988197592,6.52312918310596,5.199998590941262,6.848566592877995,3.2196303686344123,4.3415447785178936,4.868007303276858,4.750087990973335,6.354128823386956,5.738024882883831,16.319774076428107,23.36399116638991,10.01447256013398,1.113842483629739
T16_07.jpg T=360,0.7445821726372845,3.0228591037362884,2.9693434478019816,7.23760838633361,3.9323400684525334,5.9555451099991386,5.513865864634145,6.009311679212245,8.318644030096909,5.40197618372967,18.6533093124488,20.208097305680933,10.929104237371886,1.1034130978645666
T09_12.jpg T=360,0.5139760382461553,2.3015826499577217,3.377962006845446,5.700763844195956,3.3252720037822185,5.357626739218857,7.123155411709929,6.280670836062781,10.019088099826746,5.427088612099887,18.433833452583553,22.938885431675054,8.539386078544947,0.6607087952507616
T24_14.jpg T=360,1.6825514918309077,5.780369844951832,6.1436583513898455,7.844693833008705,3.554181015083868,4.653019444023298,5.040003743880475,3.8098829583387785,6.125529440737339,4.7114049315301845,15.23443521818886,21.32759119034384,12.524079833110685,1.568598703581373
T23_06.jpg T=360,1.4684463089973954,5.34049420286447,6.031683678390618,5.954118778279718,5.504994237086216,4.896776583685543,4.079858663617888,4.182010509753433,6.600974997612598,4.811194202738978,20.94291503505993,20.46595323223113,8.914845112211347,0.8057344574707156
T17_05.jpg T=360,0.25693724391677075,1.2777241171314708,2.124596176645808,4.110113760125564,2.7672661077410847,5.023165590720756,7.511024444565556,7.4331512798829475,12.930043299980984,5.792934831000463,17.802988046855678,20.713403550535308,11.493748482734492,0.7629030681631108
T08_04.jpg T=360,1.2447207645844514,4.619297481612982,3.8643782423114703,8.402422813331546,4.151871354804179,5.774375580044204,4.894683522521518,4.998190839879106,6.810785667467685,4.463550820036755,20.861998229710494,21.646029858290248,7.363344246280078,0.9043505791252712
T11_01.jpg T=360,0.7464045762927533,2.9387891827693373,2.8403566204422868,7.229627319284757,4.09674244549705,6.276540098082927,5.80852375008804,6.304281381500803,8.295480597656436,4.498194166400563,19.738194440951034,19.530143401155783,10.3766907967988,1.3200312230794455
T24_07.jpg T=360,0.7833545187879626,3.118065561803754,4.219782214657892,6.711703428725079,3.6314361526963466,5.418881509055566,6.601545187437062,5.385297418467804,8.332109579706778,5.0683743291557235,21.147500354802766,20.96980336640121,7.890891272613643,0.7212551056884153
T18_11.jpg T=360,0.32299404722010033,2.2778649633018326,3.2720192069482588,4.296562179348664,3.9427337745084334,5.902210011453604,6.15917460101688,7.060999607549329,10.808662869630618,5.427885839511903,18.811851364578928,20.75661220357609,9.906530773496641,1.053898557858708
T07_06.jpg T=360,1.693222412464807,5.84799307331612,6.0162468439191485,7.444004145706358,4.907736360176762,4.241832339173047,4.612245837527848,3.5152470385828005,5.884642245429102,4.9946654866468565,20.577533107115823,20.21222683581872,9.067185640725052,0.98521863339754
T05_04.jpg T=360,1.6299920775362151,5.671563519326518,5.848020690312785,7.2343767470351485,4.8443292467708465,4.2686926891748564,4.736983801309194,3.660352067659215,6.642140824021621,4.693070909873036,18.220735015827515,21.046891662758924,10.523699359458053,0.9791513889360668
T18_12.jpg T=360,1.4274351038185569,6.76415817020697,5.260917825730759,6.616876613939012,4.503523741180002,4.017844896893977,4.501224181423425,4.3755702987981655,6.466376958219191,5.374718069833044,19.29242999665275,22.681137357813288,7.914549109983588,0.8032376755072801
T13_12.jpg T=360,0.3649839953771704,2.297675130918999,2.6359527847003257,4.700796760670455,4.377655997834329,4.922994926994849,6.795877840993657,6.149021107373028,11.539132428936277,5.2525934263962215,17.94302116800545,21.139334398659717,10.302842806953473,1.5781172261860583
T15_04.jpg T=360,1.1502966781318171,4.4517377478940725,5.674043235467251,6.070598689499486,5.9819353928579675,5.492030787086875,4.607058205806675,4.668954684553581,6.9822286484144165,4.214072524155019,20.65402415230265,20.07933979361237,9.133795447622619,0.8398840125951921
T12_12.jpg T=360,0.13104518100143825,0.7548580248157549,1.1931524262912698,1.7653240743760827,1.8869551139215943,2.632451887387951,6.261475707030847,6.537492645562858,19.43879257345899,8.38275077945613,17.637416410581473,22.753976070779853,9.812385397435284,0.8119237079004854
T13_06.jpg T=360,0.9695994573987168,3.830434076033451,4.954430369380988,7.200009038976067,5.402922793168738,5.078541332574483,5.799142787358687,4.447645034819546,7.2238869019466785,4.478031906700601,19.835717500969434,20.45570599255429,9.280719155288338,1.0432136528299716
T01_09.jpg T=360,1.5368181034644002,7.614702149961327,6.3473798357503775,8.113695331908671,3.5953520589337464,6.064473677042076,3.5232562502614946,4.133956569400397,5.175044679603799,3.3886628293242147,18.135995742904765,20.37122604230946,10.57395168637558,1.4254850427596766
T13_10.jpg T=360,0.09069945814004764,0.4742176795701421,0.6331483145318094,1.6021147288013649,1.3404213028763003,1.8167121634318133,3.588463624683768,6.729729105772388,20.653821214900077,12.031316498049822,18.462627863437238,21.793779272572994,9.766087459850462,1.0168613133817574
T11_11.jpg T=360,1.6410733345620323,5.7909160882565125,6.228731005298938,5.954730184925528,5.438634417005585,3.21548059103256,5.311469239794849,4.078495914694984,6.161012374609606,5.284454931863811,18.564730303468,21.667256207536486,9.671793992741577,0.9912214142095459
T03_07.jpg T=360,0.0,5.143106429388076,5.811870880376749,5.8952138236813605,5.735768898437383,3.582142356119282,4.708744134208828,5.077276031366039,7.761931867796183,5.633817598605938,12.482979935267403,24.9856763179587,12.134167080830595,1.0473046459634527
T03_06.jpg T=360,1.462710735749396,5.274072195352846,3.962407414251308,7.898721512014737,3.74791146699784,5.1186313981166816,5.788961057858125,3.378474769138279,7.209896655619413,5.0433384736484275,20.282639559132303,20.542551095398842,9.503596296304721,0.7860873704170879
T09_13.jpg T=360,1.2710058263567166,6.366274680209045,5.269118066827239,6.967618141997183,4.865469315866567,4.319607655221157,5.945833382353362,3.582431552883369,6.0348180281955175,4.58159257118043,16.859646223469134,21.783248060660963,11.162602702935422,0.99073379184391
T19_04.jpg T=360,1.5066506040536196,7.380831158349631,5.806679051446638,7.1996138075008895,4.800718383945884,4.17643246505721,4.509959470572106,3.379145338858417,5.942995987244675,4.5069744654397015,18.42611273203661,21.12435552119106,10.147896804842787,1.0916342094607825
T16_12.jpg T=360,0.1959463651697533,1.2778619660511683,1.6398615699567798,3.3681234721343887,2.3411721614175995,4.397449578506054,6.927231909319526,8.985892617247899,13.318114238324174,6.849597917772268,17.72679781791922,21.496969450191692,10.555171855674406,0.9198090803150628
T10_05.jpg T=360,0.33258569761316464,2.1098862678406523,3.224371150924422,4.477605353009522,4.177442156828773,4.701896548051397,8.129131167466468,5.854441888859621,10.81861663652277,5.381405105086625,17.55208581214837,21.03468563106471,11.064492905789347,1.1413536787941694
T09_14.jpg T=360,1.679276939687533,5.961193269105984,6.498274043137207,6.104211616374776,5.467959483490052,4.801195720310512,3.9452755694566086,3.9505175387911486,6.132245963698073,4.5224189191382465,17.01087418035377,22.440036156235124,10.091800182775447,1.394720417445506
T02_09.jpg T=360,0.2247765874196305,0.9230273061926221,1.3930628499412772,3.0282796941456462,3.388315122745184,4.435324522661436,7.24884089303093,7.719551817890926,14.29702765370617,6.4943424244706645,17.400018134038962,20.41593767522995,11.335526378622625,1.6959689399039837
T10_01.jpg T=360,1.6816947107661442,5.9222597413854015,6.1495918738301825,7.574736510063575,3.4045053554942517,4.505746070470912,4.966059106207849,3.782017636009797,6.262738674051563,5.036309487638099,15.690253787636001,22.368780125241127,11.602971432847458,1.0523354883576606
T05_02.jpg T=360,1.893653581198392,6.6834778770130985,6.875272938863293,6.185975991464359,5.378928965270727,4.607963886870398,3.684367787336154,3.6289139257145866,5.7901898467120025,4.429089855803473,20.254924742449766,19.444263003853845,10.053508572090413,1.089469025359495
T21_04.jpg T=360,0.0,6.222524543751336,6.795657688333262,6.523156112975153,3.9553652194279914,5.28432657903476,4.435996977630847,3.49035607202896,7.151648998981337,5.19565086826862,19.88263497292289,20.733609111467715,9.513325766561355,0.815747088615765
T04_03.jpg T=360,1.550744024277095,5.5863786249332215,6.2219833410360925,8.063241874383683,3.6715051149149223,4.831865085858817,5.209438282607052,3.8488185551537377,5.9367279346737565,4.282141494638159,21.687896871833313,19.748316788580166,8.52575394746307,0.8351880596469012
T07_03.jpg T=360,1.4083004520989766,5.003558207291022,3.843848457581183,7.834475820300129,3.7294276842634213,5.128090568493037,4.416336538158623,4.704355262754872,7.148350229406487,5.873795533642138,18.381624595109233,21.597090275570068,10.00408666908997,0.9266597062408564
T17_08.jpg T=360,0.0,6.299009959510863,6.7889172650028335,6.457762069066273,5.849699000703003,3.452756421055084,4.2829958283819245,4.394958696078165,6.638696083115192,4.961193044605031,21.05978074852645,20.803684217442385,8.139820716044394,0.8707259504684252
T22_10.jpg T=360,0.0,0.6814926870127058,0.6191995669274838,1.079448864384428,1.213545800483709,0.9208604826100488,1.7256446695488294,2.4906029003250074,17.5139750373342,22.003242194514346,17.38134370469616,23.957283882844795,9.56001587641595,0.8533443329023406
T13_02.jpg T=360,1.8493766233257527,6.5179951078146905,4.7793701693719015,8.891310191797901,3.9300104921754655,5.097321845657003,4.112938388264051,4.116389088569686,5.829047126856503,4.310070776591819,21.767138199882275,19.993570652955203,7.567752032575046,1.2377093041627178
T24_13.jpg T=360,0.2833547945215138,1.2644977655351557,2.0083926939560333,2.9272804958616194,3.9939089783484985,3.3269684529271912,7.842125444599963,8.114737155993067,13.243727433818714,6.358467548162857,18.119037568185874,23.144168542476784,8.573541904215979,0.7997912213967496
T10_10.jpg T=360,0.19375556060435647,0.9491549748256508,1.53621680216524,3.006289677336341,3.139010567031702,4.058789574292681,6.738942483277558,7.394689146015402,15.680240870280981,6.59804822109953,19.866418083067305,21.69507940825531,8.167667844526385,0.9756967872215716
T16_17.jpg T=360,0.2958478776290114,0.7149188455719834,1.394454656143443,1.961773915705978,2.7898521619867256,2.8330055576213304,6.33963088835732,6.2196949452065065,18.642636476692207,7.904384025709717,17.132772415995838,22.504705569697734,10.438710084910172,0.827612578772028
T14_12.jpg T=360,0.6581389847959138,2.7369205311046527,3.898911045749712,6.402185063018592,3.543411718540432,5.4345739627065885,6.827704223743652,5.693213815294473,8.784641238050432,5.201821798088743,18.447924058077486,20.646293605514934,10.623854972020876,1.1004049832935243
T11_09.jpg T=360,1.2260263371419122,4.567683966506926,3.8980230555100714,8.438212251312137,4.160299423028941,5.785825586851296,4.9275281994105375,5.017469242681022,6.634163400344884,4.249313398271943,20.407183292034475,20.432793038092264,9.04792136526751,1.207557443546082
T09_10.jpg T=360,0.18205933083443152,1.0950520861192314,1.3116998705957756,2.685430491938595,2.9177228256491934,5.114830324007969,6.390002934281192,7.010645035193274,16.152942987084568,6.572096559472837,17.521914082892373,19.612739069105345,12.43872091793995,0.9941434848852482
T12_03.jpg T=360,2.0230077028245903,7.0515770630534425,4.940749992361941,8.986716951327383,3.9248582358094968,5.003473736160742,3.9422177923499646,3.8481986745164947,5.29158712120458,4.178947673161919,19.826833942913865,19.904995221694907,9.679855510898003,1.3969803817226734
T17_01.jpg T=360,1.9421479283646448,6.639570656998634,4.65145182346072,8.501000897465499,3.7639576609963323,4.9147389928667895,3.9858970733550434,4.024253927658516,6.08137864070964,4.974473223733787,18.712652961371425,20.827595494492346,10.00943500805891,0.9714457104677076
T17_12.jpg T=360,1.6062536929331128,5.630054000447504,5.932462763025671,7.480370300404933,3.4090932991791654,4.568693064196324,5.088735231833502,3.93939608319034,6.540939794852514,5.143003022965043,15.872778043310866,20.084671893572146,13.578160756750245,1.125388053338635
