Image name,0 mm,0.063 mm,0.125 mm,0.180 mm,0.250 mm,0.300 mm,0.355 mm,0.425 mm,0.500 mm,0.710 mm,1 mm,2 mm,4 mm,8 mm
T01_01.jpg,0.0,2.6696873551725853,3.8460145821859872,4.868720733468408,5.4629003906169045,5.60808774532733,5.319663033657423,6.789013171616957,9.18011824218193,4.906618533063257,15.165225181524097,21.77181367528888,12.075201207111595,2.336936148784645
T01_02.jpg,0.0,1.5067475762388747,2.4116449085188787,4.999363581661798,4.107076145530933,4.6098055200725225,7.2852240120002625,6.86685853192924,11.72760573201797,5.569189672353036,14.794614947668949,21.53704363089515,12.277203976058763,2.3076217650536264
T01_03.jpg,0.0,2.9474641697871404,4.235579280995354,5.241759513103165,3.9226356215517963,6.088772200954628,5.841494502184461,6.699199452966281,9.649618436639269,4.457902082210563,14.606143069641037,20.277017955823844,13.146173102777126,2.886240611365334
T01_04.jpg,0.0,5.686455084806659,4.353413091086894,6.539275012676835,4.152313719365283,5.762352639610783,5.032080875774612,4.086135283793639,7.583299808846337,5.5505502994440805,15.031036658945995,21.239075119356194,12.664123364974943,2.319889041317747
T01_05.jpg,0.3632349482700159,1.5656988259184572,2.498362374911675,4.686382708914114,2.9423950686101903,5.003368946326116,7.0794867497366045,6.7478747736371085,12.112151388940552,5.863952485073228,14.71817359270048,21.09287007516222,12.265432357870921,3.0606157039283195
T01_06.jpg,0.8360843300917831,3.293742361347213,2.896176884877138,6.702618787436735,3.58869960682896,5.40363186136588,5.079494854128062,5.8187102568995845,9.81831871866368,5.248812123294653,14.891127003467703,22.174793241172914,12.214973951871622,2.032816018554078
T01_07.jpg,0.0,4.91363915950516,5.730831442832411,5.829368683563157,5.616713676102936,3.484663921783412,4.587666165699358,5.023991069374202,7.947395455824283,5.336762660511938,17.388873537604685,21.735290113834772,10.420095161723278,1.9847089516404142
T01_08.jpg,0.0,6.663567985407488,4.938446679062618,9.398365923054325,4.262911351625502,3.7713426257620344,4.69050799048843,4.786576743726792,6.188562458631626,4.334214263591183,15.67328798834033,21.142882504335528,11.576960580798742,2.5723729051753996
T01_09.jpg,1.389803643369211,6.950673973358574,5.773893356625141,7.473139763811972,3.421336882293088,6.0194912157469584,3.6978073853614624,4.608958622299521,6.011493606639856,3.621516320431146,14.242908455601905,19.511600784743287,13.62208358661268,3.6552924031052
T01_10.jpg,1.6078352499116764,5.89700850629885,6.343206680306809,7.963856790800638,3.5808293918008762,4.694960162866501,5.085890138057709,3.8136275357204736,5.905843565021423,3.796729564899778,15.211750551509182,20.185295249578612,12.763032693957378,3.15013391927009
T01_11.jpg,0.0,4.580904466833919,5.412217903769734,5.6686640753562845,3.7700435845862943,5.431913000831646,4.914786356242664,4.119856294705569,8.693167621947518,5.616716681579597,16.482968479941505,22.930262216567005,10.39712301205649,1.9813763055817786
T01_12.jpg,0.0,0.5840462838517718,0.6042784220624248,1.1798631279747887,0.9413065253501319,1.6880796170048773,2.2404370008791887,3.2860591869141693,17.692465252923448,19.355117495834396,13.381170143135318,23.80515507064221,13.38994989930507,1.8520719741222116
T02_01.jpg,0.0,4.301985198246042,5.520372812482822,6.079434271517926,4.138287189959645,5.996462639915322,5.381532815169822,4.377918705497044,8.318742858007331,4.460845488973331,16.254580095149844,21.122103891394016,11.416732889025988,2.6310011446608605
T02_02.jpg,1.3662150515140419,5.0824183186379885,4.023664237444045,8.239234010870254,3.931351012294922,5.383674661261941,6.071790785682215,3.5158305623041497,7.118789304550482,3.9787183957919012,16.26528414496077,21.123539525867123,11.228824700451145,2.6706652883690087
T02_03.jpg,1.7599635120374415,6.251848709427609,6.252746539204435,7.482022836269408,3.291365186195604,4.30676367359424,4.735407969498976,3.6733108616989663,6.13152498253993,4.6842309782394596,14.520915304058523,20.3999772746928,13.63138726722871,2.878534905313888
T02_04.jpg,1.502343469893898,5.477190068002141,5.857752111538413,7.373295194639518,3.3499367476073747,4.48148284448549,5.035369778081272,3.969637966653968,6.638715164092944,4.926635560639618,15.765510353416815,21.701209750081023,11.399721396258194,2.5211995946093215
T02_05.jpg,0.37535346683690624,1.7507051684660506,2.4728474473552406,4.21968470362703,2.5813188106239155,4.423651068571696,6.446599910655042,6.423176216394437,12.580397144926202,7.178492480651521,16.01849612676407,23.109023668638017,10.668809322191716,1.7514444642981535
T02_06.jpg,0.4816525520520469,2.0410449153722086,2.057976926028735,5.445576845177204,3.2700027269652465,5.411235824307014,5.603024267431042,6.993566445932354,11.333598701196978,5.743198721432765,16.406155636850144,21.91848747824924,11.03009567541624,2.264383283588775
T02_07.jpg,1.399906465074272,5.169159692825014,7.339853003485684,5.2454583601747435,4.806404235951122,4.30044519243697,4.836154270294383,3.7842286752992176,6.813466535249735,4.633174646387924,15.364509411444168,22.14733482750817,11.65332051037922,2.506584173489382
T02_08.jpg,0.1148400952044168,0.429883558590355,0.4006025676523524,1.0669568640367884,0.6492395031047263,1.1240723764549747,1.3486914982140212,2.3898447799431377,12.33713252897944,25.6305479311892,14.876419066682283,24.918786578428463,12.636049998169343,2.076932653350498
T02_09.jpg,0.22339675324160976,0.92835205773232,1.3702883944446966,2.753695059201057,2.9091646978743504,3.7096712812178776,6.081763168123997,6.825850299284483,15.41735718896305,8.075891299883985,13.48178761219959,21.319490710160448,13.625696782492655,3.2775946951798813
T02_10.jpg,1.7723285036254735,6.356569124146466,6.611882890253113,6.041552238263214,5.352040814979493,3.1329406475102077,5.179633730745501,3.983292561874182,5.8367383413509755,4.496109017432244,13.495364127707468,20.901673887688272,13.788322903189945,3.0515512112334515
T02_11.jpg,1.8280937123373187,6.432541379222225,6.26447120982128,7.365115119970376,4.781732900104136,4.13504487101399,4.502322430968961,3.430181888209824,5.606011993044986,4.318559252966562,14.034810259879837,20.961220227894913,13.204728737068747,3.1351660174968488
T02_12.jpg,1.787118015799022,8.440273411894442,5.9753978121570706,6.900122281428134,4.451157546385562,3.823457235352195,4.149340851925333,3.163923733568126,5.704335365964059,4.4561241124604205,13.381353362779866,20.37436578378263,13.93543763108413,3.45759285541901
T03_01.jpg,0.0,5.866696845810454,6.704129879876847,6.632909686579164,4.153613547974889,3.7811809832485874,4.840323768048026,5.099133190192776,6.82048094860146,4.859480787091677,15.948602382915016,21.912289788961928,11.498440055042183,1.8827181356569909
T03_02.jpg,1.9292921420651814,6.7214522289548935,4.607432319994015,8.37922479357582,3.6859354683152574,4.805623970207906,3.9388525364824982,4.027625461004302,5.929111916205183,4.534921803759758,15.61708804886221,21.339499863737124,11.840182944520004,2.6437565023158447
T03_03.jpg,1.3069212491765365,4.797574359157866,3.6811080576646686,7.449417278455239,3.5901563784057773,5.03100751287911,5.895883782450682,3.6072543982491845,8.080635898071328,4.97262406934519,16.09732760421104,22.68851240227029,10.78820705011204,2.0133699595510457
T03_04.jpg,0.0,0.8206742881616005,1.0809768572288454,1.1739818011137515,0.9007072496238077,1.659505180643949,2.2780838961330074,3.3785292075151103,18.704090363741145,18.143426768435262,12.216834030242321,23.055114859734857,14.572875998672716,2.015199498753627
T03_05.jpg,1.2374754329470061,4.596030415194137,3.5696636577557763,7.304183851137571,3.5541301930315012,5.010210742522917,5.91584817255263,3.645224945671563,8.280253865686392,5.270784744943622,16.3107073343727,22.533135263875074,10.629710008117712,2.1426413721913957
T03_06.jpg,1.2247915125251247,4.5589680397801375,3.5408009354565135,7.295430881792145,3.5828210759665695,5.079521692005263,6.0195447936019075,3.7078023162022014,8.293641187586964,5.0440205733995835,15.833223840540326,22.38799180920833,11.281338792252022,2.150102549682916
T03_07.jpg,0.0,4.175611318192264,4.9377119370261715,5.249058235134942,5.346641652040679,3.5019655887126575,4.893988380436256,5.6266606206944205,9.096050920257957,5.8202033209758905,12.257710422048858,23.538046900553212,13.625915093368164,1.9304356105585294
T03_08.jpg,0.0,2.479305472595861,3.5205250000183916,4.38850721454379,5.062077632486269,3.6201127628500536,7.308265783448884,5.03877317205441,10.993145099803547,6.235958863263567,13.62774777736239,22.365787056971453,13.184409805869295,2.1753843587320896
T04_01.jpg,1.7224006686874858,6.168536073749903,6.40014795159947,7.892430334599915,3.5021144196064466,4.554671517952978,4.92971443082848,3.708660236476915,5.828872713367641,3.981588064903453,14.749953556745135,21.00461890450849,12.885943161081292,2.6703479658923888
T04_02.jpg,1.5766373505155364,5.697426191729269,6.024195578077375,7.552957862765253,3.427864950933039,4.577614822172961,5.112090845883159,3.97432158057285,6.444256398505316,4.341651633014505,15.875432883014359,20.47431519303226,11.901698714588655,3.0195359951954566
T04_03.jpg,1.4120267030837863,5.301069882471318,5.926701004066212,7.703461950087704,3.5631569759965998,4.7982730464055985,5.362090362598377,4.127042542864331,6.401615052716771,4.102177641468346,15.836305297722818,20.82886867348946,11.931002607329045,2.706208259699631
T04_04.jpg,1.0020949400569779,3.918142878713861,4.90244658915475,5.339272843136032,5.432614192857505,5.231919632631218,4.696217301487791,5.1238122308622716,8.236816724899747,4.854224703275209,15.187738603264187,22.230264981133114,11.711761500221716,2.1326728783056255
T04_05.jpg,1.4886654956795002,5.517596833738471,6.041759694871632,7.671818470013859,5.224914120314407,4.602747337442099,3.7984443627314226,3.8624700939058774,6.591071900711876,3.9040879676142346,15.514143603837447,19.7226349282082,12.760416994950939,3.2992281959800387
T04_06.jpg,1.4462808372130675,5.390043379660787,5.886913516593184,7.457746741367882,5.071551891595073,4.488732496225662,4.962357200256657,3.7982240490612176,6.008882932776043,4.22037115093472,15.318045545366166,20.891075952736536,12.176089268252941,2.883685037960067
T04_07.jpg,0.0,1.6123647698260972,2.29610846188777,2.9544580236138276,3.728976572051015,2.983579940532075,5.229884135091305,7.512036034233302,14.845411368373828,7.4520267436030965,13.4134444024412,23.27666876848431,12.90378764070724,1.7912531391549291
T04_08.jpg,0.18228614963999232,0.8943838735874202,1.4183019407463577,2.726165475852554,2.790080458147759,3.5365815057146297,5.845350849126152,6.661181202874717,16.85204809165647,7.766888392905933,16.206790505105094,22.595744984905007,10.55440683487601,1.9697897348619118
T04_09.jpg,0.9790240058510901,3.7297753836754257,4.497119444369463,4.882476652496029,5.066132796723125,3.3485032691467156,6.2529933732964755,5.382205978205241,8.527143727828115,5.95592618797109,14.650705803476198,22.69445912953871,12.145497654249919,1.8880365931724066
T04_10.jpg,0.8708893516788992,4.703709719769966,4.222584731309605,6.029189055248377,4.5689733933387195,5.845320698350297,5.251692065581707,4.305688882619962,8.285149718060058,4.781639763864314,15.551903940713228,21.445153926691173,11.757309220370347,2.380795532403341
T04_11.jpg,1.0451933243260045,4.044208405254911,4.844346086391767,6.823397133902549,3.396341580885369,4.850946439231668,5.770811023458189,4.726055942698988,7.774363969799058,5.205401015575689,14.769133037731539,22.11059179578173,12.122329268252486,2.5168809767100493
T04_12.jpg,0.3945824459081749,2.5094355849628758,2.6956705565354127,5.662153314636897,3.9899658884256244,4.346453444934304,5.9550968893696785,6.902306939456012,10.586674325951611,5.8696740503684826,12.635377157129778,22.030749281716403,13.730290463406433,2.691569657198313
T05_01.jpg,1.582709849341404,5.551882908819046,3.98912486785321,7.674138670892063,3.5575562127895446,4.830047149380853,4.12249730460163,4.395633681113161,7.535617670421956,5.1572799719017715,16.28013441725022,21.963987725826026,10.986598128744326,2.3727914410647855
T05_02.jpg,1.5529927919079358,5.675129162987009,6.140532473942914,5.8166714198182685,5.291633702928181,4.720666056998031,3.958872221530645,4.108631410382689,6.66863889465025,4.504551832857323,16.712692044779015,21.047254600857393,11.247107630325978,2.5546257560343704
T05_03.jpg,1.0446656807849592,5.402850099056477,4.732574475910541,6.555031556657338,3.2152034110990755,4.526396719716184,5.322659077452116,5.392754564494068,7.125900388979565,5.251558761639365,15.59296073926185,22.684421650800193,11.203701582655599,1.9493212914926599
T05_04.jpg,1.3979480607300188,5.081151463915985,5.365124438426394,6.859148190792593,4.771390812644603,4.336262947262465,4.988951580979414,4.009100475708027,7.370300396019602,4.649134358477961,14.019254255137295,20.894609478935905,13.53672099241047,2.7209025485592675
T05_05.jpg,1.5179374954602058,7.379233882984616,5.678843577455812,7.00879021425643,3.14561239908012,4.164238757437804,4.631771154860692,4.4958209918031375,5.95068857431158,4.709883473234159,15.826947996300634,21.1702233585092,11.593924193852306,2.726083930453307
T05_06.jpg,0.8997755034566575,3.561778474354327,4.45452063112558,6.570164774822121,3.386794786300031,4.963308214633596,6.052534082652973,5.052628470923341,8.32990297543608,5.234168773296053,15.593760730837094,22.111245156268126,11.376680524363344,2.4127369015306805
T05_07.jpg,1.250859824105123,4.59264943779828,4.993589285539685,6.572863911651525,4.687380573786736,4.338521601083381,5.072882478138721,4.145664024695786,7.240150707131417,5.609047380404222,16.71211416569682,22.52192601492842,10.414836886366139,1.8475137086737443
T05_08.jpg,0.6376335957507212,2.5673285617688437,3.633169838648489,4.5308495017901,5.130920472036149,3.5801697790555376,7.009453002089366,6.217278553073488,9.638110829789122,5.6870651330154365,14.96349300262284,21.781918060019418,12.089377370300973,2.5332323000395185
T05_09.jpg,1.061225600779536,5.43583258318369,4.780562942384729,6.6407648817775735,3.260699203985554,4.59353420942643,5.382890876577273,5.408657540878841,7.041798419847176,5.030479848635481,15.87459721787746,21.597466449352808,11.544062134273588,2.3474280910198653
T05_10.jpg,0.1184571427810429,0.48048549518116324,0.663072808272865,1.1692597519025716,1.1281614991409916,1.4410064782824368,2.6930090630691623,4.028973505785621,18.179294186457764,17.80449495050009,15.797224456484743,22.994089700627054,11.437461887397635,2.0650090741168516
T05_11.jpg,1.185612851833712,4.490174370105151,5.187808494650997,5.329235058079796,5.22735887989224,4.927434500341292,5.808358709421517,3.5430570806858044,7.776726612630483,4.966188415207497,13.43263687541234,21.564379909580722,13.950539479105387,2.6104887630530693
T06_01.jpg,0.0,5.455370681139702,6.490708143155386,6.608777303794569,4.185150744707323,5.712740057904753,4.8193581375222,4.952625488571516,6.8196167203617275,3.9317486329263804,15.64622134072306,20.501487449781532,11.910947093770112,2.9652482056417337
T06_02.jpg,1.6102457711905251,5.861044857335142,6.246812875975203,7.797965889513428,3.4886985949609244,4.580594435366663,5.03617839753624,3.855321063326732,6.131911069009185,4.174887331747479,16.32673060814795,20.298724688354298,11.486635296532178,3.1042491210040577
T06_03.jpg,0.0,1.602020898622001,2.5176914422705545,3.5033968951847405,4.457315614108537,3.4542079302282254,7.619746600846012,5.71525219680977,13.204532702595927,6.436939452370532,16.629512796653334,22.807367016904234,10.232654657873033,1.819361795533096
T06_04.jpg,1.0317386875911807,4.076574175744587,4.886613076274205,6.773394719876652,5.01423211284941,4.735227696809529,5.57607945187006,4.516232802209272,7.371613163252345,4.8701555412805275,15.675169111786122,21.85226650053872,11.283674459600634,2.337028500316749
T06_05.jpg,1.239049426425036,4.620400697299975,5.36702367165428,5.50748858262516,5.380349817035901,3.362767424953132,5.912271646902684,4.807456964187727,7.287661053713254,5.231603374155739,15.097017061419582,22.36845694706469,11.894401920596104,1.9240514119667356
T06_06.jpg,0.6218032516271308,2.649232079587366,3.562992193754615,5.656375988021113,3.1470212029567826,4.92277175674855,6.448061456918939,5.783608843850483,10.18551911651076,5.62688954238933,15.097242203699384,22.437123803969435,11.932053219093346,1.929305340872758
T06_07.jpg,1.0539233374576575,4.058397633108022,5.0063574274736515,7.1592546362068274,3.5647817831261124,5.050761268244634,5.929513971418388,4.765600214446266,7.570358717985031,4.522289980651646,16.652732915105812,21.695035907929764,10.514851366470984,2.456140840375206
T06_08.jpg,0.4101741640508244,1.8606370218046442,2.7210340602289795,4.688496156548676,4.204536352222739,4.6275712310339445,6.403284948594708,6.001572562646285,11.836425814991783,5.930291555601542,16.19462035459185,22.391949299135,10.62852660165706,2.1008798768919603
T06_09.jpg,0.734497369312612,3.0380815967743526,3.82372925599593,5.771867620386928,4.635008869690453,4.714467915422165,4.539037239271922,5.331436659305398,10.244341970403335,5.597416053366005,15.07054572430657,23.560901195626727,11.238639067227174,1.7000294629104247
T06_10.jpg,0.24937822309885688,1.2192772826151643,1.1897541177178699,3.102315382455304,2.013308182187706,3.754631417281592,6.1650954022626125,5.316728534714396,16.999766143335446,8.335191122555445,15.394899824785874,23.52134472399588,10.866301215925278,1.8720084270685808
T06_11.jpg,0.20771441468978533,1.04572234987644,1.568129244570922,2.8822348678005154,2.867660733885595,3.5650615098955925,5.774462506198104,6.451290361064347,16.17933908822939,8.280608409044937,14.360964689642,22.858152405747433,11.891998168352666,2.066661251002275
T06_12.jpg,1.385237206285364,5.055948137783417,5.737316458990184,5.745560340312825,5.413857225225678,4.937089078256905,4.221194506423084,4.440129256902005,7.118663725564473,4.702217834286635,12.576300228157557,21.707267799364114,13.864283812177373,3.0949343902703883
T06_13.jpg,0.8624005490373421,3.380551885821021,4.207495427893282,6.257237499667042,4.8533336108520615,4.75670206098233,5.844430091357148,4.906595441605695,8.881659017121361,4.836644300302953,13.04589643424006,20.88391907996046,14.084855585744945,3.1982790154143
T07_01.jpg,1.5520562504482738,5.60614555908848,6.045372377937775,7.649706057710596,3.4790229519805216,4.62918498857335,5.140839147828919,3.9800648985309794,6.382237485091349,4.280845192865727,15.880529322337743,21.102536224682922,11.38454035339497,2.8869191895283985
T07_02.jpg,1.3461249297308138,5.067211370825879,5.552822369266009,7.126288118504356,4.928679622813711,4.423437526823119,4.974409833991326,3.8814181458901196,6.857986191666311,4.481067857454798,16.07930613092324,20.8952550516985,11.744012234393361,2.641980616018451
T07_03.jpg,1.2345766145322123,4.546483792046983,3.528787745286369,7.302158919764906,3.587929109429361,5.09658960385681,4.549763792283272,5.019259234346402,7.807424762038678,5.7452541761386104,14.999335288701591,22.2821016988342,12.01391500989134,2.2864202528492634
T07_04.jpg,1.3865763751435214,4.9743242120295665,5.458848939059712,5.378973142254891,5.104878219707372,3.1495243446183045,5.520689814464214,4.531580034162121,7.202496082996672,5.686981243986385,15.54040702022045,22.67494923664647,11.143724205875337,2.2460471288349795
T07_05.jpg,1.495503217018547,5.5199894578075295,5.8694421377815225,7.387047818775863,5.013734895351095,4.436052463929918,4.922481470657477,3.786616760931611,6.027020607098698,4.295282632442852,15.423171598260929,21.010475406098962,11.870838471391785,2.942343062453212
T07_06.jpg,1.590199594357319,5.691887774511911,5.838829671259933,7.166500261385918,4.794837247742327,4.23031737372984,4.718169472064489,3.689723049868495,6.159191720614721,4.7856389362205185,15.544998521092403,21.010623810708758,12.052740079414077,2.7263424870292896
T07_07.jpg,1.4540887153734097,6.915769392614614,5.317524789629959,6.63899437736378,4.537932331484944,4.047788406044566,4.565816562526478,3.618451313022477,6.760098533696469,4.849782567761716,14.505327637055954,21.944144433421226,12.226720570041115,2.617560369963293
T07_08.jpg,0.9912239639179206,5.149033412718196,4.644584744097707,6.60797587822094,3.2874582093224403,4.667051491784653,5.5224419374227685,5.587064553178556,7.180507029588145,4.958492851463562,14.537830876317352,21.142018665770344,13.054465145607418,2.6698512405900012
T07_09.jpg,0.3340116043150709,1.5156719864633617,2.3693391362973615,3.2685734200640733,4.139138070377609,4.803318499409553,5.2826201760664215,7.026893271755372,13.551386655843096,6.217234131608968,16.001400265106422,21.86013966842686,11.613364153137326,2.016908961128493
T07_10.jpg,0.8170002302756222,4.509472746591148,4.008407147676474,5.754822032777791,4.427493513124203,4.329653397947312,5.322745671656973,5.63275781350145,8.363302293231495,5.360772574276899,15.081840748457395,21.995339752694846,12.039159237375824,2.357232840412575
T07_11.jpg,0.0,5.285682411514391,5.886648994630608,5.821206610011132,5.529921932118582,3.4108657857147713,5.967723189172876,3.6621170739998563,7.592730853526148,5.457475296644202,13.061895118251885,22.33842858967255,13.455989427001057,2.529314717741939
T07_12.jpg,0.3325139321379329,1.3900576880051578,2.081143740830167,2.9845572687930617,3.903775063388793,4.626393468492002,5.2171365621446535,7.132617098161078,14.146239403118443,6.847086873916766,13.12174527629201,21.440093259314324,13.76718466027093,3.009455705134679
T08_01.jpg,0.8172204602691571,3.2093880386877767,2.893468157549503,6.938539528406171,3.7935940062897444,5.749629701880703,7.157857870126775,4.492573360003877,9.320800546112512,4.4061078308053085,15.955632224048134,20.29645254258648,12.156923242018243,2.811812491215618
T08_02.jpg,1.471913756928028,5.413806933241064,6.159820436856808,6.036213191362649,5.602142971537272,3.3666776141984776,5.665930016252626,4.400828877638531,6.303124340519473,4.403240364647488,15.340381941940217,20.504449958907863,12.388586149979036,2.942883445990464
T08_03.jpg,1.118601788035472,4.292519691840113,6.6129599324919885,5.090748139892649,4.963258120006781,4.616175616448306,5.355695290005125,4.271277907804768,7.5153511345951935,4.623658440922458,15.90170131153496,21.247636477269186,11.908450027084305,2.4819661220686946
T08_04.jpg,1.0518814930376872,4.000240529172364,3.399086829353445,7.525787148783785,3.8481884309748104,5.57149581864056,5.008705024200928,5.478093585746491,7.969392196689263,4.76024842143717,16.50189748028236,21.838240245119938,11.031880966549231,2.0148618300119656
T08_05.jpg,0.7994738124950698,4.3913765089903904,4.165698100684588,6.1779505201241225,4.808431725147817,4.69827068381647,5.705590623747051,4.703922609562163,8.255939841802396,4.9499655303978685,15.339897996021927,21.84989774412016,11.643042111754186,2.5105421913357846
T08_06.jpg,1.4517010701096429,7.066284925741542,5.2918357466652655,7.975627289671263,4.22908638196861,3.7069329556842563,4.096784807574099,3.984153156685338,6.32639213722398,4.658505723004722,14.88575252181264,20.797174404909097,12.605434536247143,2.9243343427024047
T08_07.jpg,0.21680928773870967,1.4769792533193389,2.2717237898195717,3.152146495614981,3.0499284856728894,4.848289314326191,5.53743897275395,7.210328493466032,13.982572984024172,6.971483690795923,14.336754383694027,22.84060221267041,12.179771424396275,1.9251712117075268
T08_08.jpg,0.857263425325763,4.594702748305078,4.21124784558935,6.095841683374531,3.1181813424731066,6.064944379474995,5.536841505395196,4.624219816417307,8.467612997872399,5.102692330813837,15.906291467640708,21.89707537420297,11.300346898464497,2.2227381846502627
T08_09.jpg,0.311241121003243,1.944926667529206,2.8822502020844594,3.89939084890139,3.5999258141844477,5.397205540552322,5.714831027299416,6.829502880535051,11.78548380320719,6.297692367043498,16.57707454457114,21.786056983444524,10.984133192261265,1.990285007382855
T08_10.jpg,0.7241525568113713,3.9796636010185344,3.7796533175781657,5.710977400825953,4.523747901056417,4.496317403095363,5.608658699823367,5.980775904240088,8.776027062965387,5.333497630260156,14.62570791277333,21.919585231401012,12.120597247521593,2.420638130629261
T08_11.jpg,0.11951931348254582,0.6066114597404769,0.6268889747339212,1.1901411980106076,1.2434682934144747,1.6808338461927217,3.2425168739416605,5.912111789560317,19.463248270532315,14.20412049022345,14.858815879309034,21.906024935971544,12.60643752441068,2.3392611504762475
T08_12.jpg,0.3731792215749374,2.3402816265261013,2.46544119004956,4.183842288469928,3.77950103125091,4.24327341628518,6.0545668063089515,5.907918831983235,12.419799558556665,6.457480358426414,16.142732569910905,22.409498948373706,11.04933161579141,2.1731525364920983
T08_13.jpg,1.6294386548186202,5.873734780468613,6.375830365438615,6.040954009884518,5.4761334308744205,3.2373967076770924,5.397527543150319,4.172556556379061,6.0180020140200154,4.473756650271808,13.133531845079318,21.099659378012277,14.14831956681499,2.923158497110333
T08_14.jpg,0.1485336880926171,0.55623558751815,0.8062298518012369,1.6110807569748944,1.7311111595131101,2.33112724914467,4.3114151167609425,5.813791151229032,18.605393535618425,12.363805066844707,13.95219676737103,22.313121954482728,12.73084255922625,2.7251155554222097
T09_01.jpg,1.8289644536738079,6.491684838277992,4.570241538055458,8.358498052949484,3.6936617003398267,4.84991679545927,3.991134654281921,4.073162127387719,6.537794111313457,4.208094640032159,15.626581749248087,20.697196333782763,12.258676271014233,2.814392734183827
T09_02.jpg,1.200488406499546,4.496069255552586,3.660525388543098,7.790878867876457,3.858445088439041,5.437855448044491,4.748638721484824,5.055283678223436,7.954960924097182,4.460798516729726,15.872450722631553,22.112505890941947,11.121166779856209,2.229932311079897
T09_03.jpg,1.6656317320266636,6.026538074041833,6.197760542666657,7.5611188930584685,5.014998574190337,4.367091905229353,3.5865858753010995,3.659153090173099,6.464624197184538,4.103008454747817,15.46152988219708,20.742313651568626,12.26151831947858,2.8881268081358358
T09_04.jpg,1.0512155849689957,4.101843457651918,4.867764920315852,6.761976371700979,5.0060312130920295,4.716169376441111,5.5392394612282,4.46375428823043,7.263100227989959,4.921741227064015,14.987053360051846,21.602149887906727,12.239616294145021,2.4783443292129177
T09_05.jpg,1.5274720552400296,7.4015061318146165,5.65700208856515,6.951570580962494,3.104111975672109,5.475935972733181,4.5680697558495185,3.546166738698324,6.381333823579271,4.360787715839548,15.135438325259555,21.471529418246337,11.84316558016888,2.5759098373709812
T09_06.jpg,1.0600425352458949,5.416967594690686,4.660369239353601,6.368578430704564,4.661909898416119,4.378665985364505,5.173040996249021,4.228706268899296,7.740947924759405,4.986803180557708,15.18997224860301,21.98959146271414,11.612162973940006,2.532241260502046
T09_07.jpg,0.969737066427549,5.140503388727586,4.494080701157732,6.254619944916847,4.669283163167165,4.441518726669668,5.289030354012023,4.325165235221663,7.788878763257076,5.071755770328259,15.853632269170003,22.092468876406365,11.520063870692425,2.089261869845642
T09_08.jpg,1.8435349548602529,4.873406600546823,5.3938644887748275,6.790686654507953,3.9139998241737612,4.855580976645686,5.276728608329185,4.217495748352415,7.004494166123034,4.81274171858614,14.634495819410976,21.233641508329207,12.605966699408636,2.5433622319510993
T09_09.jpg,1.574367379892477,5.593183130527307,6.034081287428961,5.7633033646396585,5.294845179449695,3.172707544028256,5.391939460714403,4.289617437927608,6.55083813968174,5.099223890622721,15.314549668201876,21.201333740023788,12.07932267220471,2.6406871046567995
T09_10.jpg,0.18901005481722596,1.191409403404268,1.3633153386732162,2.655391256576888,2.722501839080345,4.575699522526281,5.5950491704505145,6.242186129105143,16.448070139897972,7.724449881741821,14.36333105787675,21.587392669907896,12.70086955461827,2.6413239813233993
T09_11.jpg,0.0,3.872562201519938,6.986160888985882,4.7959978035564985,4.626411420555452,4.3087462967777865,5.688288183110376,4.644083099963262,7.684859680060202,5.691875311059624,16.032959475278066,22.199475729801105,11.231698092253371,2.2368818170784364
T09_12.jpg,0.5180860068613432,2.270435773060305,3.1749216356012107,5.199132632696291,2.9886897394287684,4.821842780448938,6.548573251922672,6.073523070066348,11.087273079702442,6.045245536826423,14.71132874574658,22.75834767950902,11.756684747705682,2.0459153204239686
T09_13.jpg,1.045374545434948,5.44535643427943,4.616221872155264,6.26460134333155,4.553896843623594,4.261421963642194,6.258659893341005,4.05381454314961,7.285518243987442,4.849303883399859,12.462234891138948,20.87260128278936,14.71819895843176,3.3127953012950364
T09_14.jpg,1.3633193673913957,5.042990178806324,5.658785604578569,5.597288743695735,5.292929605923391,4.8668732010381754,4.211887733211833,4.480622960090337,7.255734732293841,4.761371254953654,13.510191045030506,21.63117807641046,13.413058371684754,2.913769124891025
T10_01.jpg,1.4247831663302746,5.161477821203768,5.524728949694406,7.064460353217175,3.291183958823114,4.495944213252964,5.164767022581619,4.156168270514844,7.133723185075055,5.09934807023323,14.784791683465697,22.36613576946995,12.006384305535313,2.3261032306025906
T10_02.jpg,1.6017567761019713,5.762479502063187,6.155610479728643,5.787751684138658,5.2814085642470445,4.710125747842393,3.9499898782901433,4.128524870778264,6.835443828412921,4.455976651188251,16.722892739587397,21.529895416439338,10.723092483718245,2.355051377463546
T10_03.jpg,0.3156445225505586,1.3983947410921393,2.1918873342131096,4.162218934903973,2.687857339121455,4.72253838867094,6.951447407321466,6.89612742015852,12.99688210028251,6.3349546462077955,15.4986681147896,21.136988752287518,12.006457806363864,2.699932492036545
T10_04.jpg,0.36116068494968984,1.5545395781978424,1.6369689632422637,4.6141168123696845,2.942511854144081,5.127152945668374,5.623580191390989,7.426475753620608,12.663176116513668,6.578866384082739,15.960312903304455,21.724320338724468,11.598443567938828,2.188373905852317
T10_05.jpg,0.3633408806069004,2.254699342373895,3.2264887221750227,4.1896244389946915,3.782492429419909,4.191563123170472,7.286825190935463,5.491980423993827,11.708197923470028,6.056310892819719,14.482186537693073,21.756072367644073,12.5899775107016,2.6202402160013256
T10_06.jpg,1.4284391251523734,6.878749249092452,5.157801374327159,7.855636585139283,4.199840194454054,3.7125502322313677,4.1545009724761774,4.100965769434482,6.1928928009950805,5.111666691386102,15.448162147614006,20.773105372301057,12.19264629299957,2.7930431923968366
T10_07.jpg,1.4945834964914808,7.148076584261491,5.38864881489642,6.5960958386220625,4.435599879502753,3.928993015883049,4.398850581036734,3.4709796461439355,6.535167704458352,5.088114849167371,15.869820431562767,21.20306000320366,11.617108119946543,2.824901034823383
T10_08.jpg,1.19730802257472,4.528477310284345,5.3006692517528196,5.444711592144511,5.304124609174117,4.9547425997641685,4.3404526690116985,4.674933620523617,7.667803035350302,4.9159644738235,16.882006669055997,21.665329425019447,10.779611948554573,2.343864772966189
T10_09.jpg,1.6566889466585581,5.959804854906887,6.118788053199568,7.360512749909801,4.856537621903249,4.23911676433641,4.660109241284606,3.573725055897575,5.8356401878145,4.3936503982410455,15.19795149790489,20.55477672194933,12.344032366545827,3.248665539447755
T10_10.jpg,0.2096525984452398,1.0303448165690605,1.6579188040600061,3.1379471613658043,3.11670738289532,3.8179600950014474,6.0405322386103775,6.54556344346991,15.432725135318407,7.604676472523889,15.669357015808782,22.785391254842978,10.850907258854463,2.1003163222343177
T10_11.jpg,0.35101108444272844,1.5817316795693577,2.4643882262858896,4.481968001207203,2.783802907553931,4.771612401035347,6.867668431331136,6.7002940210056785,12.56118281441455,6.190216677031713,15.999867192836069,21.87235913747156,11.039731714232436,2.3341657115823957
T10_12.jpg,0.10339511559657437,0.5506587650020812,0.5783488355840208,1.3446642238854951,1.0592057933738508,1.3796134365344257,2.6307567910347793,4.927029516879524,18.43717257244178,16.83528254839886,16.037796781677965,22.772629704858858,11.20126682709664,2.142179087635149
T10_13.jpg,0.8016707406893862,3.240530393150574,3.997904637241589,5.907712564506868,4.657899029560499,4.63304593929571,5.802955396007117,5.000826033732669,8.697100761555737,5.781366195929216,13.97505024451341,22.54064344170306,12.349478421281336,2.6138162008328276
T10_14.jpg,0.926517794890564,3.6387478282638392,4.477971154851935,6.499702229542683,3.340504433141133,4.901180175277713,6.0031157094211824,5.0670272496682465,8.625917132033171,5.344544752693751,14.706534087179913,22.43572473448921,11.806435956552356,2.2260767619943067
T10_15.jpg,1.2441655518962873,4.571536220040791,5.194015459651683,5.309107954488311,5.175600796326678,4.879041709460692,4.331057655854963,4.726114388508322,7.906551638084914,5.291219030311524,13.939373502390087,22.58758900898679,12.531433306682866,2.313193777316091
T10_16.jpg,1.35322802789312,6.695834201035408,5.409972248979989,6.904942134483122,3.1891254019093305,5.72962966775388,3.629237404335795,4.725107431340166,6.6948809202699815,4.474187763153194,12.350083998917363,20.81752932250239,14.400050471548125,3.626191005878131
T10_17.jpg,1.9381108716477302,6.757955348690569,6.761295509454064,6.002501390788208,5.187165963050433,4.479853302885244,3.657333048415934,3.7391020472898004,6.130036906967214,4.169448887588259,12.270426625661973,20.839175680685248,14.847102969794552,3.2204914470807724
T10_18.jpg,1.5518096982647875,5.590587176305621,5.808516661133372,7.14356691590434,4.8195123286378925,4.281815013454064,4.790744519545849,3.7489426286856515,6.267372091394478,4.8581810382500565,13.76753817152698,20.790717411924028,13.479066904666382,3.101629440306495
T10_19.jpg,2.8321825333340276,6.796351686914884,4.836045887268744,7.137345283491728,3.7544390754651586,4.374513711411672,4.537862166226827,3.56445491817946,6.225793206831208,4.7286730545361655,12.259810954910268,20.208075898295775,15.31448630815434,3.4299653149797447
T10_20.jpg,0.9368921808258077,3.57258002900124,4.177780355905905,5.9854846373788275,4.626139618199091,4.545981378547079,5.611245044647558,4.743447945785456,8.8365662002313,5.469607277399225,12.761444387078324,21.110866552826383,14.231507873864468,3.3904565183093327
T10_21.jpg,1.5951026532319559,5.872014924478639,6.202801877935769,7.65947891897149,5.127237954066884,4.48148066354519,4.883210730622317,3.660212123949134,5.585447218278613,3.939387149166447,12.469469890941468,20.909937311548116,14.4432698535753,3.1709487296886736
T11_01.jpg,0.691603621541411,2.737084141999926,2.574102660963426,6.411144898028582,3.636633940469261,5.7161709109422345,5.571616921842461,6.504836298674545,9.68364176382214,4.952463105377684,15.553505662037018,20.72621985166368,12.154861136573441,3.086115086064193
T11_02.jpg,1.4761832698876687,7.2252297287874505,5.506821654827089,6.709157308540464,4.485831180953456,3.9461597320303206,4.390770098562878,4.277167287970914,6.226135437137429,4.61882976209621,15.5976172511251,21.358801997015593,11.508897571957972,2.6723977191074586
T11_03.jpg,1.2032543791674024,4.464430381875487,5.0859158579923465,5.208910129337814,5.100778191423386,4.822132664175382,4.297483955635547,4.717695676982811,8.062159932373275,5.426062666774354,15.572379142037054,22.23292218552694,11.685568398207486,2.120306438490715
T11_04.jpg,0.2785652693062292,1.2122813446585408,1.3154708273960793,3.835920374840746,2.5511554938751777,4.6428298551713665,5.3744108385076075,7.559833794281053,14.220653610983222,7.4985821164526785,16.216472224129863,22.293032910705254,10.99091344990627,2.00987788978591
T11_05.jpg,1.5904715637977036,5.656404678713159,4.093044673719744,7.83505216677253,3.5906035672754006,4.831576139994962,5.447253196616739,3.2423931272167796,7.277828393277433,4.784143780482087,16.775172815027638,21.512874989628138,10.806514103179312,2.5566668042983793
T11_06.jpg,1.0713475204841814,4.149371288277089,4.824996047758126,6.651976799513417,4.8884962017953955,4.605352309747905,5.461188077680522,4.486686650656048,7.508743430584291,5.132976847191622,17.59062382349992,21.089740079463994,10.483654152551214,2.0548467707962788
T11_07.jpg,1.5944633398861152,5.631791700755576,5.672801737738038,6.899056373554778,4.61164247498944,4.078219515377214,4.575595499108066,3.62168362654521,6.8546177375952855,4.994515750652853,14.679306374659184,20.906881601462562,12.771772827127528,3.1076514405481532
T11_08.jpg,0.0,4.911849392637434,5.581079631475804,5.6190548195340755,5.393434752836031,3.362384769211248,5.963554230570928,3.7124704002584084,7.953350241070614,5.894870683592721,15.60164115753954,22.169083461355235,11.70219754629207,2.1350289136258884
T11_09.jpg,1.117736656358325,4.175944257280735,3.5187339369289985,7.663857943789761,3.849081130734902,5.518690157997663,4.913524790285644,5.319517850833081,7.693477749528514,4.565539411148321,15.650030602290823,20.79190717853727,12.038761123204393,3.183197211081577
T11_10.jpg,1.282610358211175,4.705578071062367,3.644291512900389,7.362947870253664,3.5321647495700694,4.937963247056292,5.801263646278411,3.574576251853748,8.219804802701084,5.258847678711344,16.20248735374612,22.166209282468945,11.124851073076705,2.186404102109683
T11_11.jpg,1.3663041951702228,4.987132479389668,5.557959991007545,5.470851847960687,5.184197302242018,3.1882431297321348,5.5444777859630685,4.503569759188712,7.027724410457624,5.457841985243552,15.481875972684499,22.326373152688028,11.660288708990855,2.243159279281377
T11_12.jpg,0.5961847388236364,2.477816078580493,3.461379358309591,5.662225953047826,3.190802563766569,5.02655225776805,6.6134895754238014,5.919039478977588,10.247438806702997,5.526991085729322,13.639752038020712,21.468707208731725,13.381610616415085,2.788010239702602
T11_13.jpg,1.0415411777926067,5.365235183069137,4.606450340901942,6.299506148929196,4.562630067536142,5.646887993550516,4.930067221269847,3.955924754113414,7.548978691267671,4.619252750216502,13.400934945322028,21.443880040738357,13.463895820436008,3.1148148648566245
T11_14.jpg,0.8295248885006504,3.422884042320159,5.78305350650301,4.804679323128621,4.972255021810089,4.860035333361905,5.917811729982457,4.89767070968714,8.542586224545579,4.698281566541026,11.645901631359118,21.002636440524455,15.162910002456364,3.459769579279424
T12_01.jpg,1.210567969050373,4.513946371744369,5.363135963581375,5.550930678819881,5.3875734230869226,5.011525913233057,5.807806675684709,3.4801438234301303,7.473570983386798,4.643879758557661,15.947271591111734,20.836971600616724,11.933941069126487,2.838734178569778
T12_02.jpg,1.4330462566186626,7.134865773123744,5.773900502769659,7.225742499027381,3.2528250855353464,5.715635335842825,3.533773615458599,4.48944848883348,6.2216111871522894,4.052105977631957,15.389272879125706,20.091943510999194,12.420815873482175,3.2650130143989835
T12_03.jpg,1.7223520422128158,6.202127512346645,4.517650295653855,8.502695022508412,3.833838813083667,5.060984217859592,4.172093100473511,4.247469996888464,6.040662847124116,4.320866938689495,16.204283123749413,20.863601980001864,11.559787906438999,2.751586202969155
T12_04.jpg,1.7951304514101916,6.36984120438832,6.673431203380501,6.099497544652253,5.401019510103803,3.1432769418515347,5.158487686122655,3.9581532590102757,5.802247079136661,4.3604056296183495,15.047993283597304,20.744178362574786,12.397272143978654,3.0490657001747112
T12_05.jpg,0.0,5.104666174673915,5.801264232317784,5.7759220738614765,5.492463201185442,3.3910371909592523,5.934092204316775,3.6387502778791756,7.630996727212188,5.50211915717971,16.450433605364765,21.673126110362126,11.095389874619404,2.509739170067986
T12_06.jpg,1.4611668415416903,5.140657317077754,3.7796001870357085,7.434119564543976,3.4972733651489225,4.822805499312675,4.213177018193603,4.626691538959997,7.483872222925113,5.74036893798771,16.42405094685767,22.419425875549557,10.8871975207993,2.0695931640663274
T12_07.jpg,1.682246385666675,5.935695421073974,5.901674830486529,7.066240515767243,4.6852685373496215,4.113189832298563,4.575883328404151,3.5707262739602927,6.537382336633184,4.647649443166003,13.650179298516862,20.37730467944362,13.929932460126752,3.3266266571065324
