Image name,0 mm,0.063 mm,0.125 mm,0.180 mm,0.250 mm,0.300 mm,0.355 mm,0.425 mm,0.500 mm,0.710 mm,1 mm,2 mm,4 mm,8 mm
T19_01.jpg T=150,0.0,6.653146741617065,7.152572060518961,6.637309673965482,3.968300539278604,5.2458857832899755,4.347405331051193,3.38190631989043,6.76327703962544,4.2434721697747415,14.288308041297773,21.847229377202535,12.465500770062546,3.005686152425251
T06_11.jpg T=150,0.1998175257065078,1.0188852106571331,1.4657650032720813,2.6526941637929706,2.6422659750820485,3.2905714756142386,5.407985590984186,6.256541469031833,16.904602762377,8.747363040955888,14.618104660378007,22.98969195135697,11.815301405647864,1.9904097651432715
T19_07.jpg T=150,1.6478461940613418,5.932520666910535,6.1480177590838405,7.430399468416676,3.3244063196406066,4.432555668033482,4.957498070412352,3.874380057699711,6.487824948583376,4.517956284342091,12.758529398518094,20.84040818909904,13.382068711860649,4.2655882633381985
T18_08.jpg T=150,1.3515044585994038,6.516882556244124,4.869746337974641,7.535778806126991,4.125364627635213,3.6893632404838095,4.159491596058044,4.169909180400857,6.905108852913276,4.963488317772624,13.232322196276455,20.385482222011863,14.190939854119065,3.904617753383637
T25_05.jpg T=150,1.4363744123083837,6.976270270635892,5.390293507874468,6.6937611238750545,3.042989911635764,4.079070329485898,4.636427569931459,4.667986384944416,6.458837702233122,5.102981669489214,12.0620460615236,18.73343534389717,16.089876923686006,4.629648788479562
T11_03.jpg T=150,1.2066016605512826,4.479194739423102,5.05113697656032,5.1436469860033185,5.007736835730652,4.742690773198794,4.244267686118781,4.700114144842893,8.0990170917888,5.435576237209506,13.928924058340852,22.8170608244775,12.726012139300408,2.4180198464538063
T19_03.jpg T=150,1.3172515685327313,6.63669750024156,5.134440235622257,8.034765689931856,4.360937098945694,3.8632091406786464,4.334055681549215,4.268239728679244,6.112491746417887,4.4769087778390215,13.229805667615638,21.803725944954095,12.417287983948002,4.010183235044145
T08_05.jpg T=150,0.7762732169653858,4.2863608440656416,4.042495710779622,5.998738132075367,4.683683726899903,4.617446083104967,5.681661632737358,4.778734964088762,8.542902318976436,4.978322596601861,13.67686316388969,22.506775135500927,12.43924443804734,2.9904980362667586
T12_06.jpg T=150,1.5169892344636482,5.304165498995662,3.8245327685435133,7.409230306185787,3.4422725049647536,4.712694810666459,4.130093942920128,4.571313560767443,7.56500970802557,5.6195658546327,13.555477236717564,22.371345492753182,13.107099831996505,2.8702092483670767
T25_03.jpg T=150,1.1970350561338057,4.392777962249031,4.753757797569305,6.2293183537196395,4.46441385282979,4.1672557275331625,4.956819027682541,4.16052132748157,8.250340319951219,5.569736373658804,13.858269861013731,20.265951278105984,14.296355749770054,3.4374473123013525
T01_11.jpg T=150,0.0,4.508153772386522,5.3185360339806005,5.546531221425966,3.6716771819303466,5.313495077690104,4.863699229965119,4.124934349128496,8.85680195110664,5.532658463424905,15.889565962318521,23.030307123154092,10.91414941341725,2.4294902200714508
T07_05.jpg T=150,1.4013250546181395,5.23159825711832,5.633830055382266,7.181687612644818,4.940817354972952,4.4334773093091835,4.991530875949303,3.913718505015536,6.370739014217031,4.493011134677263,12.657057418566025,20.347452944853817,14.988104907622226,3.4156495550531045
T14_01.jpg T=150,1.6365018374208222,5.906158407023404,4.369724198882312,8.288786933657526,3.810579065605316,5.146109322396527,4.3333437399159465,4.501740624502396,6.465057479943353,4.145203382111975,14.264972931472931,22.451014994467663,11.728332216084793,2.952474866515036
T20_01.jpg T=150,1.5487008492920245,5.787672586872303,6.424969051116173,6.187331030232638,5.6967235541354775,3.393475229855917,5.63958427035234,4.2788477185573415,5.842352932267548,3.9143478243291145,13.375629598625672,20.234051661685342,14.079324100092055,3.5969895925860698
T24_08.jpg T=150,0.15927493545097204,0.74009502529156,0.6431806011497967,1.4741253023043666,0.8491502009726646,1.5599580422328367,2.10930582377454,4.108086650863501,17.067422974078998,18.38840989686497,13.935035895385735,25.318337024121146,11.247728704163508,2.3998889233454244
T08_02.jpg T=150,1.4760195800854483,5.3947412433696575,6.0884936942819055,5.947472574283816,5.510719115010284,3.308960430441578,5.623691972501169,4.429815390751722,6.419368729831014,4.4166324689104295,13.234746720641002,21.165420350368702,13.406565813477805,3.577351916045448
T03_04.jpg T=150,0.0,0.7888857344031186,1.0230461519866216,1.11864151819702,0.8301212143605259,1.472595489679234,1.94938814493588,2.8909090483376034,17.529840337160714,19.879935017206485,11.956796329267087,21.759739999575675,16.231883844574845,2.568217170315207
T23_02.jpg T=150,1.5802871650315975,5.78819493010137,6.064499397113836,5.6532194809297724,5.133708087028168,4.5576902018635685,5.1293207182868565,3.0289371629596578,6.638946014209745,4.472110789529406,15.450165889772608,21.874646140061326,11.572693962297395,3.0555800608146924
T08_07.jpg T=150,0.2387360360421259,1.622606628763625,2.436452321872723,3.2874454932143267,3.1300349078135588,4.8754893110030215,5.44931456542174,7.014873199648713,13.701835523989155,6.8867822392933045,11.712285501922533,23.47137884044837,13.446951789063805,2.7258136415030045
T04_01.jpg T=150,1.7157507632013786,6.143150620125784,6.297514334882576,7.719564373146793,3.434276730932224,4.501774773849919,4.929748523807047,3.7418953047408494,5.896897542685661,3.9711826051483845,12.46197738823601,20.425641613908464,15.15907190510622,3.601553520228685
T23_04.jpg T=150,1.2057979441886282,4.486506026750502,4.966989773167909,6.5277622266338575,4.6555263743531485,4.325591874038399,3.8212929873220896,4.231488186785179,8.286822541913436,5.390674065547555,13.187797540366594,22.71762371542056,12.925079962731793,3.2710467807803667
T25_08.jpg T=150,0.21895109071390886,0.9996137791601908,1.1654936010317811,3.4817418994489286,2.3297407056572355,4.320432506088074,5.148788577878012,7.531797869694638,15.232821936845898,7.774901891132653,14.822709302680723,22.282445303666037,11.692783027492515,2.99777850850941
T24_05.jpg T=150,1.0228136092891271,3.9908415951026392,3.295811952420189,7.055301748738509,3.5671316062721785,5.178532598568592,6.27821747004757,3.964560605503853,9.001580183164757,4.9331359959353405,15.142395538117526,22.74993491430975,11.347036534023493,2.4727056485064813
T25_02.jpg T=150,0.5286306168339989,2.356974642594193,4.213910413541917,3.7682159662110086,4.278197208344686,4.526703936209902,6.049056392043148,5.548664639221911,11.06787137762003,5.892932369490673,13.630414158745726,22.335698128560576,12.818006118147347,2.98472403243488
T12_07.jpg T=150,1.6390730933365043,5.831508387498032,5.81106700099379,6.917232266063691,4.607355058500178,4.055121051775322,4.559986630933691,3.619771675937773,6.7038461852331075,4.538930047174456,11.340638033784234,21.953777863735752,14.62689352047796,3.794799184555506
T14_13.jpg T=150,1.2070874001366068,6.047604496611342,4.805908744110868,6.287451854695593,4.527695242564266,4.197533435876435,4.8904344015776,3.9613280198246894,7.401123691384952,5.066359709040984,13.043544135376372,21.902585237802988,13.611855923979194,3.049487707018101
T15_05.jpg T=150,1.5175576841829563,5.621176881539958,5.796005325180287,7.011434759088968,4.667205771893002,4.11283581211601,4.630133286925571,3.6678953153480287,6.83377943867557,4.558978203451356,13.733975487618554,21.927941656926464,12.963554974000141,2.9575254030531384
T10_07.jpg T=150,1.4762147198590794,7.163120419256376,5.369738451119094,6.549601547028762,4.417193280292119,3.921064890301234,4.414246116087551,3.4969829439076143,6.598294659173449,4.9449477397536965,14.856932263286474,22.090561052059158,11.778763950554929,2.9223379673204786
T01_08.jpg T=150,0.0,6.274400220397178,4.688482935299551,9.063417354964272,4.196203965965944,3.7812690178254966,4.819976352492653,5.0154848220203005,6.543343467822727,4.320976297074711,14.877254274912385,20.86859371240348,12.329213607859163,3.221383970962127
T11_06.jpg T=150,0.9035925449203775,3.670154980727697,4.482574721183783,6.384788293993587,4.843319543503298,4.7050452311689535,5.756414843895824,4.850071602664438,8.076944490003386,4.920246095933121,14.943747845046744,21.296799798288365,12.468278919566306,2.6980210891041088
T23_09.jpg T=150,0.5985901231188471,2.536753863847329,2.430743077897006,5.892740209982161,3.300707344565581,5.198556425056463,5.182367714570242,6.363607451902173,10.570602033750347,6.020615613853548,15.92034766367824,23.200518890733207,10.420703651701363,2.3631459353434945
T11_10.jpg T=150,1.1932745948908292,4.455702479990557,3.5055938005508502,7.126082634250616,3.466797879214698,4.9166410445987525,5.870275694516269,3.6730127111017503,8.543548756883752,5.222820732313617,14.343851099064144,21.3827480058156,12.831304716871227,3.4683458499373474
T11_12.jpg T=150,0.5299243785067989,2.264175634895248,3.1983532070113343,5.3327545685333,3.056987820951541,4.892687391511815,6.602219069299167,6.077641112532097,10.797189595578057,5.5835297914916175,12.065832159733722,21.1131069916892,14.17954055024791,4.306057728018192
T16_04.jpg T=150,0.0,2.3238493023921087,3.22641682767191,4.006869118883516,4.715447778734209,3.453202766030267,5.410030648893306,6.919009920201678,12.020224958891188,6.219975489835579,13.314276300281632,20.94875131383852,14.316387514203653,3.1255580601424264
T17_03.jpg T=150,0.5522864612706055,2.2986562407493847,3.200537092094785,5.220434557235318,2.934241656713397,4.6121706989646265,6.178879326668329,5.7650025288713165,10.910334012768514,6.3744517787927055,13.65270712360774,22.258793764363112,13.014793557903195,3.026711199996963
T09_01.jpg T=150,1.7338788123930446,6.206829197175415,4.408059004341807,8.123774827192138,3.619463940635513,4.80692459858176,4.022250282749551,4.197282883283052,6.882353809948188,4.3298562088800265,13.901434875702266,20.639295404470307,13.556097347314086,3.5724988073328565
T16_13.jpg T=150,0.09761107894231598,0.6357899948421998,0.6883830128606259,1.1941475722087822,1.1455019796260435,1.4544945662276514,2.7083173819191737,4.983267507099219,18.576404211963318,16.433623427218535,13.928667768249776,24.047543131556807,12.042937954199765,2.063310413085782
T17_06.jpg T=150,0.4003969865817278,1.8198055329510303,2.515078626494593,4.220901883037655,3.8112624346967428,4.281757619267069,4.591149264056188,6.067899670063395,13.506327981797645,6.750396174760497,13.305863605730412,23.685513395638875,12.181224841332133,2.862421983592025
T24_10.jpg T=150,1.5908562676458018,5.587596059935943,3.9820774509591366,7.488915704893269,3.401050009833141,4.595399586566245,5.2531821368397145,3.2096517452393347,7.618490939921774,5.106334842007061,14.724944143319904,21.67703108156838,12.454857901018705,3.3096121302516144
T17_07.jpg T=150,0.2042161795492972,1.4842874825457717,1.7270561956746815,3.107244856313096,2.9947369863296327,3.62630227155606,5.712656520128201,6.219495478062291,15.364432821806364,7.609889368972452,12.726265462456741,24.92799907184416,12.494997471729775,1.8004198330314816
T01_10.jpg T=150,1.599475555794681,5.867836851755309,6.252338697256027,7.8486298260166025,3.5528154686038302,4.69440555567887,5.100137384030901,3.8393081068739376,5.959210492306184,3.74419526267437,12.287552592316976,19.68728872098734,14.938605161266716,4.628200324438258
T23_10.jpg T=150,0.2491548930457741,1.1685732843053331,1.131124429220721,2.994426819382355,1.9487828174810768,3.6489879725336873,5.968333158922133,5.1292281821098324,16.763859779042853,8.821700850678074,12.393902596743875,21.52015279951306,14.258441376967824,4.003331040053404
T18_04.jpg T=150,0.3388541800552053,2.124560504605202,2.374871018920212,4.155638774438172,3.7556315848713497,4.1992805259731885,5.973011902619157,5.84253098221448,12.667474501666069,6.573826760349842,14.207595157522332,21.509810115556718,13.2445573506197,3.032356640588372
T10_19.jpg T=150,2.825426691705447,6.8807752168971765,4.749201628441276,6.930829042279558,3.6693551654333896,4.308545355480004,4.5181740420909735,3.587051222580144,6.314894522370036,4.8277145629878655,9.849725372441636,20.47553964411648,16.925751162191382,4.137016370984637
T10_14.jpg T=150,0.7836565172550618,3.2327086310858637,4.025928111476164,5.998432196431241,3.2159818793151724,4.870394208682884,6.163467488523116,5.407882458420457,9.514514476680537,5.399396792405995,12.262715764102175,23.34599797585105,13.073949221259555,2.7049742785107243
T16_08.jpg T=150,0.3656568760204368,1.7345553545228538,2.5623063575426124,4.382568744434144,3.910380811107808,4.34312378653453,6.157559968707497,6.0110873128394875,11.78030271807508,6.9142624139942646,14.743256180304178,24.947681254423927,10.202352996978163,1.9449052245149927
T04_08.jpg T=150,0.19544653256759115,0.9478070376720412,1.4742674056689342,2.8026920178777526,2.826829304069648,3.5087898337380987,5.690274124269568,6.426510898747213,16.53979530663769,7.959394884669577,14.85504120183273,23.727816878162926,10.627338331426277,2.4179962426599517
T08_12.jpg T=150,0.3206431600616411,2.037875727068952,2.1370261294670034,3.6588943800939684,3.361278875897796,3.8982284762373705,5.807208382981608,5.955151327158345,13.562579858447693,7.0369181297380194,15.220032259997227,23.594347825775948,10.809266949510157,2.600548517564264
T04_12.jpg T=150,0.3369591191233934,2.10405662916668,2.221494183370926,4.768900775499311,3.4512149945731707,3.9120775632567835,5.6723073908897925,7.048576761771152,12.169002364065467,6.834844060290028,10.455990998148641,23.95906030769816,13.811410941529026,3.25410391061747
T07_12.jpg T=150,0.4082102326920434,1.6527694717288284,2.3880449089471214,3.25492306744578,4.083022341851698,4.64813981131422,5.0157500973325595,6.638034855181179,13.257443170256295,6.838255747410963,12.17322215619806,20.136502490273426,14.430577219217614,5.075104430150209
T18_02.jpg T=150,1.4115622717800167,3.4435871092092127,6.143183045820653,6.129927250144247,5.7902876607015275,3.5515062419710293,6.1924605655745255,3.7263058021187874,7.30561395580165,4.886904175315232,12.241071915721786,20.57531513746704,15.682276153382185,2.9199987149921167
T13_04.jpg T=150,0.4734193907804592,2.0569915724337235,2.9645537940989657,5.028896627494398,2.9514316747412765,4.818965545069834,6.609900889745412,6.19208582197605,11.390460088292324,5.803835644806412,12.642053292914872,23.051457725271483,13.253720442903685,2.7622274894711194
T25_09.jpg T=150,0.2419799972110805,1.1646303756428191,1.8811920781375275,2.571942960370363,3.3048795863434064,3.971877940960298,4.639502664281352,6.719819829438188,15.18981835659515,8.116835952048351,14.380670537262812,23.107880869853002,11.784253961348893,2.924714890506768
T22_11.jpg T=150,0.2527026381664978,1.1397325891456624,1.612996123652155,2.127885791778714,2.7803800112227424,3.4630001626037235,4.266442159437906,6.568229447496075,16.391363348756812,9.432727640541751,13.506586249421757,23.4470225494844,12.524473244938786,2.4864580433530072
T15_12.jpg T=150,0.08086477742448621,0.3954682540666004,0.4483101636502442,1.0441941205099026,0.8259750870026579,1.0624310595305233,1.9727718234037024,3.72880350080325,16.7774567643651,20.89985260394008,13.1680862654074,21.826705510071488,14.157232433308616,3.6118476365159515
T07_07.jpg T=150,1.3767437783240597,6.563542654196372,5.06733537879937,6.388684263370428,4.398421915742599,3.9478333076446783,4.560525624302015,3.7385614592192753,7.176890101855003,5.132783287464439,14.849311603170856,23.62227045909643,10.542256926616666,2.6348392401978185
T17_09.jpg T=150,0.0838482320364045,0.4194273541536401,0.5454211846827783,1.500531817932288,1.3243052001570268,1.829978085676952,3.4869470608119717,6.1093464781439515,19.98353946398684,12.458065694978854,15.051035216004152,22.320803601698287,11.940825515062794,2.945925094674049
T14_05.jpg T=150,0.3046704822406687,1.3667179181485027,1.43338610503892,3.987051274080434,2.550931468310465,4.5440306632982495,5.1713440760118425,7.188225751588563,13.733921221607375,7.645117937236963,15.095561418026955,22.95791552011363,11.433063206977534,2.588062957319908
T06_01.jpg T=150,0.0,5.214463629396935,6.28251865396415,6.477344929941445,4.185577495182185,5.8141312762509285,4.989882943114627,5.208487889969169,7.1239264938165086,3.7697551788138495,13.35735076742268,20.47954878122989,13.056328997078245,4.040682963819367
T02_11.jpg T=150,1.864523454409925,6.620474030718154,6.283030284136276,7.193420954590371,4.657197423990574,4.057677691123442,4.4630678568400945,3.4216690892526858,5.5554561523836705,4.221805074079124,12.738392750408178,20.721394261428934,14.198014806471994,4.003876170166577
T20_08.jpg T=150,1.1890145248404256,5.970432388469588,4.90200402646594,6.404657872281897,4.505825576585768,4.137861461219368,4.77768261862587,4.771143245912254,6.919640189182253,4.849688475833517,13.083730944681832,21.497287797682013,13.470584617610399,3.5204462606088747
T08_11.jpg T=150,0.12014884531134702,0.6316046116610868,0.6559503979617267,1.2670388269491912,1.3689651768924087,1.878585544294056,3.567322246612884,6.242866882983327,19.09947614492984,13.156112442587554,14.327674606850287,21.20142940733743,13.770410792922853,2.7124140727060007
T16_05.jpg T=150,1.3099094988011053,4.764492981101832,5.222028262028261,6.816479493343551,3.2204456660092653,4.459589257797953,5.221794366351998,4.294597536579982,7.455278645227435,5.5270747945485645,12.437940349443412,22.268877355787907,13.398238862908466,3.603252930070285
T16_10.jpg T=150,0.09665122879332406,0.5330906298402597,0.6163426385849278,1.214834805159291,1.2491186981296325,1.6224950599720265,3.025718404058756,5.457064900671238,18.75079701365815,15.009030298029652,14.635425852845252,22.92475758908507,11.938227111962805,2.9264457692095958
T25_01.jpg T=150,0.0,4.792067273315837,5.614668938168262,5.728821635720317,3.7305153818665016,5.303232201955233,4.7739303713667445,4.027026989362462,8.676839393134212,5.623875363330929,13.737812792474122,20.58470305231678,13.896355520147052,3.5101510868415406
T03_08.jpg T=150,0.0,2.4631274343465317,3.450425840288712,4.2481855530238235,4.858486982731507,3.4801769365770654,7.077844194876986,4.971497270512462,11.360688114725606,6.368799934266982,12.801036323224714,22.03717442665161,13.975090588830753,2.9074663999432664
T21_15.jpg T=150,1.3689171553948944,4.892373415959462,3.647505097891188,7.2605143154719425,3.4732782252073915,4.871335963367704,4.307231524861792,4.749620555340481,7.601235664203173,5.9188846551116905,12.018217115386793,22.399963390764984,13.67566532588608,3.815257595152445
T24_03.jpg T=150,0.0,0.6227577857283972,1.061674926554927,1.6625267343799968,1.5833804019849846,3.195182649178117,4.320807330983904,5.581977931817902,19.48420820190553,10.261247401582382,14.648141489539116,22.16504272643665,12.729742605215428,2.6833098146926737
T19_09.jpg T=150,0.8342816099711738,4.473527075723323,3.976536844196479,7.167381527949168,4.384232950425422,4.205892520633077,5.0854484974333465,5.372567499457852,7.952152896201049,5.187866279886059,12.653855029861138,20.536145230039093,14.771674472200544,3.3984375660222863
T16_01.jpg T=150,0.0,4.638723128332145,5.7680987884993336,5.971545115280957,5.8316546772459015,3.6347447588855855,6.3446068696319005,3.8397419017336594,7.5836180282723085,4.806444777627025,12.59002001318316,21.170539396908428,14.00604659502998,3.814215949369601
T15_10.jpg T=150,0.2888886581775497,1.4382720114197958,2.0989335342324367,3.6254704528380173,3.405891838982382,4.001042588391929,4.513997707792781,6.268495675747577,14.67571033486997,7.321032288260461,15.219278194694905,22.977180757021287,11.608669087374995,2.5571368701959067
T06_02.jpg T=150,1.5780577593646483,5.759235766446228,6.1417896426397744,7.637686776816118,3.4522796749811566,4.589310561076821,5.076691798890408,3.8972272235385392,6.200076643871082,4.150861045323955,13.776480648256614,20.654396735590925,12.832769620508056,4.2531361026956835
T09_08.jpg T=150,1.6060053767813631,4.39857573079648,5.027469295760975,6.545441021349956,3.903404497331669,4.952595173170206,5.502461098939391,4.4874140314738264,7.512359632275399,4.735830582028977,11.200805946015658,22.620914625068394,14.641441469009376,2.865281519998341
T06_13.jpg T=150,0.837066706027929,3.315916809435042,4.14461754007469,6.151591870050213,4.786984849794115,4.700870421780006,5.802545391133642,4.888130643505714,8.824809376786563,4.7040187113114085,11.109567872804133,21.038894203052354,14.149123947531107,5.54586165671309
T06_08.jpg T=150,0.505880518392709,2.1901705609214144,3.0406192003851267,5.009517871885566,4.2960574447582704,4.571893313925375,6.1390754349137975,5.625886675491007,11.10158892169493,5.6956628612212725,16.728344787641035,23.04368233085516,9.652364619312213,2.3992554586021058
T01_03.jpg T=150,0.0,2.617680050526817,3.8679942190612047,4.952991149297126,3.8193539586246814,6.074433808925395,5.984780473463878,7.050456757996942,10.325416138813896,4.424615324074415,12.059147946377196,21.14027936775497,14.119489610223436,3.56336119486005
T11_08.jpg T=150,0.0,5.008551924842884,5.63268377914721,5.566646911365628,5.339172593914215,3.341565296542893,5.933244031879911,3.7095036829848618,8.065276182888653,5.754859042285247,13.669422349127364,22.71429912479493,12.356822558500946,2.9079525217252638
T06_10.jpg T=150,0.2231401653162481,1.1036099551872565,1.065732202377657,2.671651975372269,1.7126733602170208,3.2011482935406077,5.405744489558213,4.942041811092495,18.024478733833558,9.657149890588828,14.608781718668196,25.809023535021485,10.002999484799801,1.5718243844263708
T21_12.jpg T=150,0.5153333149805425,2.211979198692616,3.0363845212182627,3.7252634755791214,4.300525921269201,4.677685745976255,4.854695096617436,6.1565238373401465,11.818554821867687,6.563498886047901,14.016397334261699,22.839886310729646,12.427347934874144,2.8559236005453474
T18_10.jpg T=150,1.3473030991023072,3.7171373185250807,3.4765706934253724,6.4001252561460245,3.965390123459396,5.2099262733190965,4.809694721168452,5.099447973161477,8.87228047864465,5.161571411495095,13.953246901419542,20.899142530116762,13.45895994479604,3.629203275220713
T19_05.jpg T=150,0.2356383142392049,1.0845807398479683,1.6788501186165754,3.1927785708896432,3.1650770616943347,3.859702139588201,6.043592685930878,6.483014510830118,15.381812973691765,7.287688802559184,14.203125827013952,23.08912959652864,11.231721639092227,3.0632870194773165
T10_04.jpg T=150,0.2510597022541133,1.1135212910904766,1.1950364151226598,3.4693460500532214,2.3540010011335117,4.396972009787917,5.243870015857166,7.6108105185080515,14.94931260781634,7.709802259349002,14.176852063546107,23.425417619891725,11.180873807864721,2.9231246377249773
T02_06.jpg T=150,0.4299927457714986,1.8557870281110715,1.8864685882986525,5.003017700689433,3.032102111445647,5.118617168878576,5.470319991308997,7.116568987547435,12.204034259497805,5.894846491903551,15.508353425939095,22.169530366239986,11.068129196655883,3.2422319377123703
T14_10.jpg T=150,0.8008664544305719,3.2393633188530533,4.081808244073812,6.005425872056315,3.13832781580024,4.6791280897458885,5.880701929407314,5.15329168977153,9.214124565159423,5.958488487319952,13.573653453068175,24.24909199406285,11.71600013535156,2.3097279508993145
T10_15.jpg T=150,1.240833393599429,4.544857258704079,5.169586270301499,5.236471511920946,5.05297804992256,4.769894353640232,4.243170112394913,4.663333645045499,8.106854430525287,5.433123626097382,12.707256450059335,24.252872102247863,12.130397271417609,2.448371524123372
T01_07.jpg T=150,0.0,4.502456930509679,5.4583050860775995,5.679750777730803,5.622939153898606,3.5604941111892385,4.779883623428138,5.332062746473398,8.466943187767917,5.220947003738776,15.014475027298767,22.264911551288023,11.502888371375224,2.5939424292238407
T17_11.jpg T=150,0.41938082128797055,1.8650412338202331,2.671208839633884,4.566949372706897,2.7249753532430567,4.550172445393272,6.467175599999759,6.320230917585263,12.35809422903831,6.634775336905537,13.068878952937935,23.37723148369857,13.334994381965544,1.6408910317837662
T17_04.jpg T=150,0.5880661444550199,2.457896036806821,3.216160272090616,5.1021013971058125,2.8831582853562128,4.604306791170232,6.241966799344011,5.8369901564261255,11.109004617473664,6.365811570652485,13.140692699170005,23.212076854166288,12.482582456083891,2.7591859196988247
T13_01.jpg T=150,0.0,4.423609162596716,3.550622820563686,5.753413591107418,3.9159396077613047,5.732280204433132,5.304003653997307,4.548910073076616,8.80266201355197,6.096033027566588,13.379253195709607,21.638016482844343,13.546992910149156,3.308263256642153
T24_06.jpg T=150,0.5380911571017624,2.2895960340134764,3.201284343414811,5.320464772533634,3.0457371853500668,4.842597819054499,6.449318559935375,5.879581052574728,10.46481407863526,5.906286376875813,16.114265758463787,21.268754544015135,11.649305122590068,3.02990319544159
T24_02.jpg T=150,1.0374546534239537,3.9941343274295247,3.4521830390586223,7.5498130283962945,3.851790014588128,5.587554256421292,5.003381241120242,5.436182334323555,7.892390401002487,4.504765829877076,13.754590924377991,21.599207743359045,12.77541628022819,3.561135926393601
T20_03.jpg T=150,1.4644312976318246,5.366245243989055,5.738285695880397,7.293228130434326,4.9980016803527265,4.442880400990719,3.737444798601069,3.9224342930411527,7.056836007658077,4.274837714317531,13.179796943424606,21.50064300630628,12.882252798573624,4.142681988798615
T02_07.jpg T=150,1.3644241404959454,5.0786984035001055,7.171574825974872,5.0847072375591935,4.704623651984143,4.223595195843716,4.777641149281977,3.7965637347079286,6.910582993709161,4.549256259300112,14.803480765570779,22.53854245892797,11.501521697999413,3.494787485144688
T04_11.jpg T=150,1.0161601916968823,3.9239503278026437,4.734946860429249,6.658029138288788,3.3124957647620445,4.7806785336751485,5.768767170509857,4.787914767197082,8.118628417087551,5.366935410647558,13.33451582433164,23.086183141922625,12.659296819643815,2.4514976320051134
T25_06.jpg T=150,1.228987586283954,4.6445166254878405,3.752875754945907,7.8289611135619115,3.8722460501010976,5.4639591210052005,4.775993486005973,5.094833530116006,7.153791014092269,4.168004848515851,12.921789827818047,20.8938928791665,13.712353573584053,4.487794589315381
T22_02.jpg T=150,0.0,3.0273335578019136,4.001923337776351,4.689096160408167,3.469497991544987,5.436662762340479,5.392929855265077,4.9345265936689735,11.100836382320487,6.1451856958597375,13.067840225837033,21.787827782833553,13.871680380743985,3.0746592735992584
T15_02.jpg T=150,0.0,5.318537564864762,5.9937751928300615,5.93339360539549,3.772478033042877,5.232451075773792,4.573241978784799,5.035120811848246,7.874194259118947,4.857330736154057,13.366703210755787,23.24940894153439,12.261091784519742,2.5322728053770382
T23_03.jpg T=150,1.5491953600558743,5.552218115128448,4.078670406328103,7.837725335180018,3.60832231227186,4.902257737352997,4.2214233193613735,4.5647147286645975,7.1678966984256824,5.097576725439271,14.767007489053853,22.5922416608262,11.45139163553715,2.609358476374576
T12_17.jpg T=150,0.21473528089896365,1.323970234844554,1.4344398475585969,2.6430234851234875,2.6677710539079365,3.331676495283256,5.443102499968727,6.150133539738201,15.998689616997705,8.81310926872841,13.039745176028946,22.071787332132526,14.033963418094293,2.833852750694404
T08_03.jpg T=150,1.0602171592388667,4.103443269243003,6.34769941568481,5.003805866831415,4.972535252393932,4.642548011302221,5.447650062900349,4.4031824425763375,7.723233581986803,4.500882943014222,12.920535749142768,21.23028949178689,13.95225478572707,3.6917219681713123
T05_11.jpg T=150,1.1245198281635451,4.254801408766999,4.944971999081335,5.077373575508197,5.041459499782782,4.809600816428309,5.773930372749327,3.637147880026092,8.342827993178522,5.14319965198451,12.349559888039293,22.028342195610257,15.127206466515148,2.345058424165689
T18_06.jpg T=150,1.0545353602621088,5.413305000471784,4.515628515104583,6.075686446635535,2.9926889112480897,4.254667774615412,5.0936034862490835,5.323022245949863,7.534389791306668,5.7544489723664976,12.304019823922374,21.15315106364509,14.66270747893291,3.868145129290004
T16_07.jpg T=150,0.5728705042955871,2.416139096677145,2.3730395607577797,5.883414742656269,3.3391922491631316,5.304473963626326,5.3141008528189255,6.48519699486565,10.517840004353847,6.120434532545162,14.262427362937867,22.84791051893698,12.273664209060874,2.2892954073044534
T09_12.jpg T=150,0.43177406655434175,1.971551011876267,2.804362161009541,4.639128622270032,2.7290247284840614,4.5550468967561235,6.4701644841979045,6.308830308023884,12.252018934267705,6.35540642791679,13.953396768065824,23.60719742306799,11.291917695058913,2.630180472450628
T24_14.jpg T=150,1.4908957435948296,5.317102514088324,5.583112652655071,7.1541629518848975,3.301870749628001,4.513346053826681,5.179756192625792,4.1497512661273905,7.008655187316848,4.66911195660639,10.164625601002648,21.1989563834586,16.131699772693686,4.136952974490849
T23_06.jpg T=150,1.2355673841133528,4.634523203806596,5.340177754113087,5.434721581092285,5.200837147345413,4.831148849437743,4.253751427759372,4.613754823013286,7.679401462961907,4.91931844026717,14.133919756546009,21.59567555894017,12.91022102450253,3.216981586101073
T17_05.jpg T=150,0.20663910479572584,1.063255261695677,1.6033259535727782,2.8838275173783288,1.8665993117639053,3.451668837294368,5.666730281490378,6.605410652460014,16.494479319456065,8.520339222717633,12.804802101289074,22.90779031983684,14.250498043100796,1.6746340731484188
T08_04.jpg T=150,1.0978198458428725,4.123874614306573,3.422675160680816,7.466639551033803,3.7968169540916765,5.455537828365881,4.897270020130452,5.384159759554211,7.940143545683004,4.731406519380946,14.714989922931695,21.631547841949097,12.630702562686286,2.7064158733626766
T11_01.jpg T=150,0.5524690810814603,2.26532949169145,2.1944734566043795,5.642607330542844,3.3346985348569884,5.4445212976579915,5.5893553680362285,6.933110207828228,11.00417475368381,5.217814511934004,13.682808197710127,20.595965095816574,13.883416964941974,3.659255707613936
T24_07.jpg T=150,0.6261870657981568,2.55641591620213,3.4924464555542185,5.677169041276053,3.178295396515121,4.9659846868184605,6.489378848879997,5.790170432622019,10.138124868488342,5.463729753712884,15.232836841192722,23.671088088422128,10.240945600343446,2.4772270041743214
T18_11.jpg T=150,0.3543332764307341,2.3347304580515704,3.389787764020977,4.138478921876392,3.5721588576245646,5.215418314551968,5.414882305898808,6.37580826018263,11.331776008775305,6.138105746128137,13.932793082870061,23.39342857508993,11.550495301057218,2.857803127441713
T07_06.jpg T=150,1.5026329640398115,5.3975804848577456,5.56749599068714,6.896707983783523,4.674301105996028,4.185955336959122,4.7967576434114045,3.8728168308716886,6.6033080150178805,5.071581913732151,13.597920153328564,21.23948410427465,13.355520373138841,3.2379370999014485
T05_04.jpg T=150,1.3669376677222416,5.017486795591704,5.310005401088215,6.8021510171840776,4.795165687442164,4.3903348617499605,5.030995312231004,4.019135316073702,7.413084939668391,4.522584109771158,11.414538857252333,21.46165855503891,14.514377423327575,3.9415440558585626
T18_12.jpg T=150,1.2566986761197674,6.0654911930023045,4.71227868488271,5.9954906346352015,4.188307144936705,3.8406105795579335,4.498856858375999,4.641566493664134,7.400971057006439,5.688187970135718,12.700821794173965,21.178935671195944,13.624133138847478,4.2076501034657126
T13_12.jpg T=150,0.31430645935000584,2.027018748856306,2.2115789721484576,3.850103691023016,3.5613231246641366,4.0779956724085515,5.962718848528827,5.961472243825583,14.023045580721252,6.336246420520054,13.881221056121245,22.603717968945322,12.21988909288876,2.9693621199984648
T15_04.jpg T=150,0.7265263530788227,3.072868940892924,4.289776166439069,4.971254908695293,5.364321785604476,5.416963861747172,5.101583616442858,5.805452838288209,9.351935767894991,4.3974212254902945,12.26853748233333,22.682129056513467,13.286757299637781,3.2644706969412884
T12_12.jpg T=150,0.11992105694280675,0.7297876718730547,1.0728678883892508,1.5004368343199852,1.50256280192888,1.9785839964276841,4.521359827145108,4.849081185980583,18.87435313400565,12.600114862649221,12.947458511066008,24.719860538698192,11.293272595511567,3.290339095062015
T13_06.jpg T=150,0.7597513288138242,3.087824179603992,4.068678540103522,6.083073494499015,4.78302932936665,4.7452406922280606,5.899221893644486,5.000909953294178,9.061768985412973,4.8944463184479385,13.852469813375105,20.68663158378353,13.138279554365596,3.93867433306114
T01_09.jpg T=150,1.3454629197149486,6.7586164111948355,5.5732005016784605,7.243830639246588,3.354592033763673,5.997569639193037,3.730525972081877,4.713245934440937,6.254862051995442,3.6830278693629133,12.300601235163894,18.953574999625925,15.269110642819506,4.8217791497179565
T13_10.jpg T=150,0.09467053573361074,0.5589740288910289,0.6766613616801846,1.6312994381778276,1.3490740482989738,1.8077421760798864,3.381725346637116,5.910772673552383,18.501313238843288,14.056339579091713,12.111167244280525,24.22445780919569,12.617362703308064,3.078439816229708
T11_11.jpg T=150,1.1874095360859738,4.5198457394975655,5.2049658007407364,5.267990074618306,5.122372504700705,3.234781645870822,5.7954674152795365,4.824670192136802,7.565664163357487,5.3815255434821,14.538527114646538,22.24640067674264,12.305465702268133,2.8049138905726516
T03_07.jpg T=150,0.0,4.110741939224697,4.7766966550516745,5.0655210538954405,5.177670489328971,3.4210287430911355,4.850751613041929,5.679744760504353,9.455655825546943,5.937708371361575,10.55461715304344,24.32502625152648,14.837212380637753,1.8076247637455944
T03_06.jpg T=150,1.1813133866197767,4.419019998817546,3.4146822078919574,7.127219570036111,3.5404576886848966,5.074905952696876,6.086270236503763,3.8122865530929118,8.570284662957308,4.933773252069177,13.769253569832005,22.00439571888308,13.470054108323973,2.5960830935906234
T09_13.jpg T=150,1.0445450968554248,5.489673889445816,4.615977228676681,6.192377593705762,4.452570813830811,4.147440927015418,6.117103693950787,3.995822093656832,7.235231889150715,4.8191674865748375,11.47893231082,20.99143218607666,14.641487359702985,4.778237430537273
T19_04.jpg T=150,1.3847261710259928,6.853977991201358,5.2690107741680965,6.507277330941628,4.460665546440799,4.005449710979311,4.5357394392050185,3.6009905168045364,6.624125222235175,4.788309738648963,12.757513805363866,21.75025594627078,12.817988937420086,4.643968869294403
T16_12.jpg T=150,0.14444421744828168,0.9312999346654888,1.0793593944889757,2.037950859618056,1.3676828482182903,2.663583601389857,4.7042403413691485,7.367254890250551,16.6848872911765,11.150463522501084,14.681061698742473,23.516045933120928,11.804880689245836,1.8668447777645285
T10_05.jpg T=150,0.42369477051524107,2.5319172941856487,3.4988915159137943,4.354286806043249,3.8002550866123057,4.105257662590085,6.9623445349851565,5.198286150562048,11.342925747198903,6.0346769260613975,12.15561970187856,19.92562755327048,16.107550754883512,3.5586654952996124
T09_14.jpg T=150,1.2964991476984136,4.864296725352316,5.566854999703313,5.541727067083533,5.273641671063854,4.894433109750869,4.271829976459855,4.5772219805351835,7.388706451695874,4.71468841940728,12.733084248511592,21.36937472756388,14.266811562363046,3.2408299128110074
T02_09.jpg T=150,0.19617167068284366,0.809916007764255,1.1539439824447877,2.2772384945934245,2.400177418011522,3.130887212232388,5.337712387454597,6.394616570798393,16.682624509914245,9.484200922905194,11.240354319600305,20.53718613360185,15.78511870466307,4.5698516653331245
T10_01.jpg T=150,1.3217698166370226,4.885654369514186,5.3085394077993096,6.8675619689326926,3.240149084492357,4.5073574208705285,5.255260993508927,4.282348074004723,7.3894594758423615,4.93377575301888,14.118835177853956,22.709688446536173,11.3597931688339,3.8198068421549984
T05_02.jpg T=150,1.5114255062638793,5.637880082530381,6.06589218811152,5.750973496386317,5.265206913057528,4.721459435836613,3.981682300777002,4.160526652632538,6.695801269571105,4.3123098379146265,14.293782310609071,20.182785987884927,13.501788981315505,3.9184850371089945
T21_04.jpg T=150,0.0,5.914419664397071,6.438039102572081,6.096282026015153,3.7228386613466538,5.072532163940701,4.379841216089355,3.560430247666398,7.60824838851183,5.209698432062063,14.309341795077328,22.628944722359467,12.434259760422215,2.6251238195397013
T04_03.jpg T=150,1.367567893167256,5.106398796673284,5.649702037518402,7.372175711612033,3.4260793048242166,4.660387695604974,5.304001361398054,4.199403222848779,6.815415733337842,4.333788033984075,14.736446065273359,20.825322053818397,12.911921331115307,3.291390758824008
T07_03.jpg T=150,1.2887452876453012,4.643531628317551,3.5043146787629453,7.1117830414959275,3.43101606711396,4.847160807709741,4.3626935368442465,4.888888625347239,7.891552469789361,6.061065277362112,13.619978211659452,22.2003841284298,12.972853131730911,3.176033107791448
T17_08.jpg T=150,0.0,5.3910687763571445,6.124400710314211,5.997856637958499,5.670961539717559,3.47708685879143,4.511033844314314,4.8828029488093705,7.5655234386928285,4.865930767400476,12.974941187045633,22.002610511651415,12.737691915913995,3.798090863033128
T22_10.jpg T=150,0.0,0.6280922386885671,0.5621401525494278,0.9901910866354646,1.0942813231624886,0.8154174972139328,1.5051593594744002,2.1519295699631686,15.225651104803436,22.904533345876555,15.019252692245223,25.01255101572132,12.163613066382705,1.9271875472833064
T13_02.jpg T=150,1.4293509324538582,5.3108557252778965,4.23597956398718,8.402340699020334,3.899327561119898,5.312069865990758,4.521857796454039,4.730791845923561,6.787146463877607,4.242265769999025,13.11865041377111,21.048559261923707,13.461526312445535,3.4992777877554886
T24_13.jpg T=150,0.25753840232232633,1.1785268092824337,1.7720969123847992,2.454617043586369,3.2285112683356463,2.650925475054342,6.3935220838667695,7.1377833972263405,14.839191682757141,8.241639003053262,14.16199111342033,24.77628226371489,10.712352783141766,2.1950217618535843
T10_10.jpg T=150,0.1938541864444796,0.9486840898541768,1.5204081974954922,2.857726628019313,2.831469901257954,3.5050586841216362,5.6655896700255095,6.3375029521557185,16.053221334424368,8.195274565862515,13.985171368307064,22.58470690350574,11.724234085827522,3.5970974326984937
T16_17.jpg T=150,0.3273057397225433,0.8134665413840876,1.5560685013761426,2.1227487265376914,2.8312122765125416,2.6995954876525263,5.6476279354997025,5.311038074116435,17.354350087137345,9.148372538188267,13.284327985509158,23.993482065469287,12.492656641485093,2.417747399409175
T14_12.jpg T=150,0.5702861195004592,2.374973442496481,3.2361042526421047,5.281603871162845,3.0029671167392498,4.787738574764544,6.3705349495439325,5.8076987656988335,10.584983633941011,5.862041809073,13.100098863262048,22.283982801567802,13.628433498189164,3.1085523014185332
T11_09.jpg T=150,1.0761084672676977,4.072460967054171,3.4383074017396233,7.511793444588659,3.8092196688152367,5.538189229355284,4.995021911130429,5.465994814663942,7.952136965205686,4.460388382234896,12.6476689080071,20.59785758103941,14.328348802658816,4.106503456239048
T09_10.jpg T=150,0.1898553503508946,1.220774725562229,1.3755757242149214,2.6536407452508906,2.68829393408675,4.451541566023792,5.359996141408615,5.948598447626325,16.15696133527726,7.9096418410277725,13.11274007885818,22.28418499818648,12.877691127797025,3.7705039843288737
T12_03.jpg T=150,1.679215542752693,6.096638849903767,4.426526044327988,8.397620517229623,3.809468896541813,5.0655973750062815,4.208188812543944,4.309083031743815,6.149792714139947,4.249318250668667,14.569768143099651,20.765227169000877,12.389058159936981,3.8844964931039736
T17_01.jpg T=150,1.602848201176152,5.728912969931419,4.124998470337916,7.8519980686954725,3.6260131640868334,4.923783190539184,4.219488676159904,4.5199946485410285,7.060806960314327,5.015592984580793,12.802850749603758,21.46144807751324,14.414136697225373,2.647127141294616
T17_12.jpg T=150,1.3822858258177488,4.91593131962211,5.2298644285061835,6.7624136551452345,3.2066514847481447,4.443962340601279,5.199573809434204,4.293896074823185,7.570602355138828,5.2849451324163885,10.630879459752244,19.762199496835844,17.224450996173253,4.09234362098534
