Image name,0 mm,0.063 mm,0.125 mm,0.180 mm,0.250 mm,0.300 mm,0.355 mm,0.425 mm,0.500 mm,0.710 mm,1 mm,2 mm,4 mm,8 mm
T19_01.jpg T=210,0.0,6.709816055907601,7.154401020226377,6.629896855685372,3.9612132077511615,5.251746903611709,4.380164807227125,3.4211058004514605,6.789454083377279,4.31613419831683,13.205919629409552,20.425865403441346,14.166648828372802,3.5876332062213705
T06_11.jpg T=210,0.17384448738886776,0.8699959646550567,1.2584424498927398,2.254346729095646,2.249280297448,2.8753134025842453,4.937325848465506,6.0103001859527465,17.787686701987727,9.921846664647296,12.976334720716787,23.50973329017893,12.759238466391105,2.4163107905953445
T19_07.jpg T=210,1.7114108711278428,6.138200248155282,6.2318295833712645,7.4465311617855825,3.2913284798182962,4.334236838901254,4.818554428068404,3.775887662210244,6.310469346249517,4.4548633061913785,11.619372940432756,19.924939466108736,15.206506825349276,4.73586884223017
T18_08.jpg T=210,1.322225167275063,6.399927214795138,4.779057187611252,7.348118720352978,3.997601039380232,3.626587583159525,4.215049194993298,4.282333011040636,7.1502602244865825,5.1557229345513065,12.877054454403536,20.63025907321001,14.307198668080009,3.90860552666044
T25_05.jpg T=210,1.3237955279961828,6.569797457592101,5.265586094041428,6.6385800047466805,3.0657728031880467,4.149058167733026,4.741896962897162,4.7486320590590045,6.5081099007221965,5.011572102341011,13.612164687951505,19.42831403793533,14.485316753582705,4.45140344021362
T11_03.jpg T=210,1.2619811753036745,4.632633580882625,5.095764373950503,5.104085618124398,4.934041047157301,4.621472453119177,4.119572554815543,4.564222893481756,8.085980044026927,5.5501629582702,13.122029166809867,23.021860542822857,13.102365986635196,2.7838276045999857
T19_03.jpg T=210,1.3695007612242378,6.7525806681685925,5.1694302409949895,7.976357813646014,4.279811909270853,3.798021902502961,4.2790339593802,4.192705923886298,6.047500234318128,4.627782955383025,13.03060037190351,20.632622217976326,14.40036001876068,3.4436910225841686
T08_05.jpg T=210,0.7877535829194563,4.301760367986375,4.076530375112337,6.011454937035659,4.676818210883307,4.585085443090058,5.6234893706488815,4.717642124855899,8.466031078792987,4.972457030725335,12.932563746504893,21.820267772686734,12.424688784649147,4.603457174108919
T12_06.jpg T=210,1.4777494121435832,5.1619227423712175,3.712105998624636,7.158132021176633,3.3610917182533493,4.659252170636498,4.129742440418337,4.628183925448052,7.7294978390698175,5.873937717184206,13.579175526669856,22.756666134752802,13.452358420099387,2.3201839331516223
T25_03.jpg T=210,1.0647389434281054,3.988330748828063,4.560094956015032,6.212356537652933,4.564782440954432,4.323387940911526,5.218965471341844,4.395877914990033,8.400044345104297,5.522631484859512,13.25035802877594,20.783437178528573,14.003561239910562,3.7114327686991517
T01_11.jpg T=210,0.0,5.105068179250283,5.726673749959246,5.712969091838392,3.6671246759836613,5.1547866948281165,4.613965366467314,3.880174927404087,8.435128289429374,5.705621338080231,13.264269034569333,23.87450196131084,12.440358580093674,2.4193581107854545
T07_05.jpg T=210,1.3733611883625123,5.132154842768972,5.597171840254654,7.208883111247253,5.035445242973624,4.5291578431706165,5.087366997471758,3.985051058271203,6.372449171773777,4.322105003299426,13.941715438916885,21.921316724669232,11.977981267438874,3.5158402693812163
T14_01.jpg T=210,1.7584148233807704,6.229897470082348,4.45239458361852,8.211624502947544,3.7182444625914566,4.963167524463594,4.166798294779238,4.3852079829297566,6.5146920563086255,4.417770386114189,14.256112117771352,21.303822776127838,13.177562321435053,2.444290697449716
T20_01.jpg T=210,1.7470253006512777,6.346376701940503,6.682833122159282,6.103182072580216,5.426840460892459,3.1737946166751887,5.2133505310997625,4.004156594914452,5.885095077368439,4.227505079613271,14.372509649585128,20.996444498141198,12.78453477257067,3.0363515218081423
T24_08.jpg T=210,0.17392564513349154,0.7529754752752364,0.6397526073579466,1.3845269342637485,0.7809526529447935,1.3838243521972295,1.8275790229902988,3.55154675723657,15.896057413080113,20.25746235519884,14.004667264775966,25.351253905193357,11.92306073557224,2.072414878780186
T08_02.jpg T=210,1.4155614218832138,5.285302348759161,6.014898359549298,5.896888889524315,5.536963431787326,3.3565316422463862,5.702120852589357,4.498551704049285,6.579417670098821,4.5223666259305215,12.367846775498036,20.062814973849786,15.282804227217374,3.477931077017127
T03_04.jpg T=210,0.0,0.7618437099678379,1.0708145857423796,1.166575207412938,0.9300217476635532,1.7572342212004557,2.4393248707782544,3.5973980471624394,18.98170959922181,17.259577480335846,11.452035286841342,21.31361555399448,16.932794539094182,2.3370551505844848
T23_02.jpg T=210,1.6358279852846016,5.9326014662573066,6.20289092470118,5.677383050238206,5.091081666960631,4.5174733362616655,5.051855893207974,2.9803084356272427,6.5726232788996874,4.473754839338963,15.569196029338665,20.824100658658875,12.609068407711945,2.8618340275130416
T08_07.jpg T=210,0.21269489029579464,1.4008078030007256,2.149636743971613,2.971832223098597,2.835906791766164,4.5350090616436916,5.253081962166943,6.994992635750115,14.422455227623127,7.503341553538383,12.40506870787609,24.433695670612146,12.129322078877161,2.7521546497794533
T04_01.jpg T=210,1.718884315947741,6.174545075789027,6.285270877736646,7.686560697757537,3.42529779704894,4.48784066794373,4.917986248826846,3.751423485921245,6.034966914466282,4.047903507314157,14.07786342297142,20.95107286944426,13.121936193241579,3.318447925590588
T23_04.jpg T=210,1.230637759668325,4.547600909309039,4.986004062846228,6.541174212422912,4.6890412539474955,4.363076810556991,3.8587700884415113,4.262353237001118,8.204783854287403,5.319734836684323,12.433702002898615,21.73512994768617,13.127716089716175,4.700274934533676
T25_08.jpg T=210,0.2401576840586828,1.085306737275802,1.2375091370786275,3.642588934503061,2.403912741809746,4.381762220114446,5.172899042199774,7.490942582865355,14.951187111952047,7.599216424137305,14.769486247758365,22.6822743890851,11.906233831655864,2.4365229155058103
T24_05.jpg T=210,0.7340599887469113,3.077017757933732,2.771469206562717,6.472550404717237,3.500022773997129,5.290117824582135,6.728131368903156,4.445144717567596,10.147780564113043,5.0560463693394695,14.482169099983215,23.163127295417446,11.212706728658002,2.9196558994781983
T25_02.jpg T=210,0.31110328892341776,1.4682732300120054,3.121731609588684,3.1155291396209672,3.8157343399190515,4.334445271174638,6.247909593418387,6.185463381953072,13.225831901217553,6.494205457394021,13.169465750440171,21.76946759007021,13.895426260532005,2.8454131857358305
T12_07.jpg T=210,1.6899910261972897,5.958782001163567,5.856359975519233,6.9187722083437935,4.596684057028842,4.085612955901237,4.61531412258985,3.6285922600569296,6.6441149807163455,4.7265430128538375,10.52991773195984,20.333794446991035,16.574762371268626,3.8407588494095886
T14_13.jpg T=210,1.2518839109949624,6.102930958861432,4.80513158627951,6.154260522463384,4.321933683668227,3.9884454797338016,4.657346883466803,3.8085025703746096,7.356010701439457,5.500851633909125,12.411852148273908,20.869536045493234,15.117300235924736,3.6540136391168065
T15_05.jpg T=210,1.5692101062770758,5.6534978074843085,5.614353597604785,6.756545296250106,4.54117244936996,4.030469544651462,4.558040719863173,3.6462155722131775,6.8693078822113165,4.936759765706912,14.363334687281489,22.432278526319408,12.69716141882933,2.331652625937505
T10_07.jpg T=210,1.4647970829652197,6.952772842886831,5.198084698120548,6.3459825190776975,4.328513385764837,3.892648240904765,4.428765182240079,3.539675389279667,6.7351985678337405,5.111198154107467,13.504546952454323,20.64426384040405,14.084055960273162,3.769497183687615
T01_08.jpg T=210,0.0,6.76660174832322,4.956584096487762,9.290561854258556,4.159502850789417,3.6828966200566944,4.630910511637985,4.780260616245314,6.303687846717577,4.370886905819224,13.316934701248414,20.741243724063608,13.438312876172091,3.5616156481801378
T11_06.jpg T=210,1.14357420603301,4.373107710013258,4.926416474973126,6.6433062453444025,4.780181642024983,4.457691232678685,5.2839241400799954,4.381441921360721,7.491675798400386,5.1335119633955415,14.29821184540756,19.668039676892555,14.149680974661887,3.2692361687338782
T23_09.jpg T=210,0.9934504840651892,3.775645804511444,3.090418733397177,6.683668455091912,3.4405339989893093,5.089814334879386,4.754956281943136,5.478578944540489,8.855788918385509,5.830421817160068,14.46583888237257,24.62812393994409,10.287456087664804,2.6253033170549247
T11_10.jpg T=210,1.3251404318060669,4.843791840425045,3.684060778490216,7.302243739218342,3.499704769352892,4.886192229350794,5.739778806445344,3.5526968164472748,8.262478875259093,5.163942018951836,13.713750071716294,22.41404684378423,12.350067164654044,3.2621056140985183
T11_12.jpg T=210,0.4496391565755469,1.9396722288717767,2.815128099953574,4.817574385451501,2.859185561473016,4.726692174958873,6.615194360576848,6.36133091611612,11.968764206304822,6.013452138397907,11.7892121166417,21.56059423719949,14.874198516256168,3.209361901222654
T16_04.jpg T=210,0.0,2.7029075923148973,3.6952034435223218,4.445187063527741,5.003810975744124,3.532108438156544,5.3164246136582785,6.5690328858477125,11.236343447009892,5.967972554799613,12.57243825771016,22.963939950622912,13.118910502288164,2.8757202747976462
T17_03.jpg T=210,0.3124907290581962,1.4122828456098908,2.165339421172689,3.907617201418677,2.4476418490737326,4.234294859177585,6.265679606664298,6.4137199959979005,13.489823705266938,7.2272685780741535,14.310743280351348,21.319465366075764,13.155567581745059,3.338064980313754
T09_01.jpg T=210,1.6033187967221756,5.8665627259500335,4.323425251542092,8.161230882645766,3.6930096577453537,4.9565938312934605,4.171279690503466,4.32732640362334,6.9134583868207224,4.274744783555013,14.09204775064092,21.93295068026453,12.110876063128517,3.573175095564621
T16_13.jpg T=210,0.09614163633893028,0.6084820982221336,0.6776885240779009,1.2008635795174982,1.166722432092442,1.5016256941485033,2.8395260712727017,5.224237261157708,18.72076584513648,15.911802695984555,12.786758040600233,23.200218697557073,13.05571526595844,3.009452157935418
T17_06.jpg T=210,0.37511275469149535,1.6901491013603898,2.3351883593032343,3.9466311875431233,3.6098102557861953,4.1151093241985635,4.520367380830846,6.129368870561677,14.07638632676548,7.225759176625216,11.700378352164185,22.50827159953496,14.825418881773796,2.942048428860839
T24_10.jpg T=210,1.6088211659783562,5.608009072496245,3.919320961520192,7.389322464825653,3.364396595788029,4.5541585459477165,5.240221177050828,3.245639223278005,7.8454139241138705,5.225894834054414,14.396850319087319,22.420143467942662,12.204818222157659,2.9769900257590534
T17_07.jpg T=210,0.29108574155069816,1.930006252197508,2.1668877097146835,3.790682195199241,3.4821484258664457,4.006030234660079,5.915971297365324,6.0068249762451424,13.535109750273865,6.928554543789178,13.139856369716792,21.720294165516094,14.031372410136335,3.055175927768605
T01_10.jpg T=210,1.610074437514146,5.881509453443508,6.2539264123846685,7.734326568223348,3.4461364270633887,4.5230889950432225,4.965991307221585,3.810821225934304,6.074592745648253,3.8787269611035207,12.39832411508996,20.087693594355844,14.760574786279616,4.574212970694632
T23_10.jpg T=210,0.2256632516148557,1.042513539078279,0.962061401668597,2.523665733790252,1.6624167945183836,3.1958187133797806,5.462896812173035,4.974290015353325,17.86912776355014,9.840892648890806,12.240851092310107,23.18191324945118,13.577553561702151,3.240335422519121
T18_04.jpg T=210,0.14341754579004135,0.9845621526448296,1.3095527718354598,2.5234221352570594,2.5451643030127755,3.216346497167202,5.341056427974998,6.204497449704295,16.778951511870634,8.672773005643029,15.30846452498591,25.92606262406657,8.898231310192491,2.147497739854696
T10_19.jpg T=210,2.953905777998739,6.883309291742704,4.754350122852837,6.936120092396626,3.6598831103764615,4.297920270303199,4.497986313056685,3.574738209812244,6.312459892549424,4.757666511110288,10.374704622732114,19.45920477759862,16.47959304597563,5.0581579614944285
T10_14.jpg T=210,0.9327293672393232,3.6365620790619233,4.436288818624032,6.340913779642968,3.225745325974353,4.752481080488169,5.908782945398406,5.07529984270683,8.931577940113858,5.494314332973462,13.01687003204841,22.604292225159888,12.833360976411967,2.8107812541564225
T16_08.jpg T=210,0.2770021234960455,1.3637311202326865,2.149296066679625,3.8343814983140736,3.602167910829525,4.159235313218727,6.123521874318715,6.216881787435867,12.858334644819625,7.260798569497849,14.957901292416453,23.967495153155408,10.920122621581793,2.3091300240036157
T04_08.jpg T=210,0.16529613551886724,0.8082953625979615,1.2707199134821534,2.3473081226347987,2.372656660234439,3.0418645655271934,5.19224178260536,6.284367568980918,17.991483695629032,8.866529797274984,15.663243359199901,24.563518972078985,9.277501681972463,2.1549723822629403
T08_12.jpg T=210,0.2820557852757319,1.85483013971902,1.9793099409615904,3.413230151925472,3.192747345611132,3.7378565605975314,5.670831716794933,6.000061582226808,14.313170089152695,7.3384830881919525,14.273587121815655,21.66767394635747,12.747963859785795,3.5281986715842177
T04_12.jpg T=210,0.35922839949112423,2.4161630520840203,2.5844371862409736,5.367179447236718,3.7788233757144094,4.175694435605877,5.85115042868101,6.989175262254959,11.257630826041014,5.957636706028483,12.218817169659962,21.25701016800502,14.07369250430972,3.713361038646717
T07_12.jpg T=210,0.3959497789606007,1.6436251266456057,2.4171283376607526,3.3105295591952606,4.130753855707373,4.680163474217445,5.060469313772379,6.680505782752599,13.121331059547849,6.741199138605107,12.17654048165851,21.687827067846246,14.561464072840138,3.3925129505901386
T18_02.jpg T=210,1.5442177748948986,3.7348655304582334,6.3698215544474674,6.1791143907853066,5.711426611924264,3.450248249789861,5.890085423349589,3.508148576691552,7.083769166477781,4.8734036206462665,12.898922057569349,22.129678224097233,13.705106231508019,2.9211925873601965
T13_04.jpg T=210,0.4699899447534192,2.057612204794299,2.9486297126125645,4.968900719776288,2.9113070623068387,4.754811181497394,6.533717299016487,6.168924471950265,11.530052469853807,6.0320178157913436,12.357319037448779,22.011372735111518,14.745034919019869,2.510310426067132
T25_09.jpg T=210,0.49039906642828496,2.0937203319418507,2.7871810335819767,3.447050673489712,4.0689435337510345,4.521090813071396,4.806256701583597,6.26465253228176,12.364699046278975,7.025016994421827,13.735604062132433,22.00273809514962,13.566668535558682,2.825978580328852
T22_11.jpg T=210,0.2610165376392759,1.1830181288900457,1.6598676239001326,2.2108537548935785,2.889824530088665,3.5606212668578894,4.320145270813816,6.566243793905835,16.132533922987626,9.028523896588364,14.970812633684847,22.76642092097146,11.5062190569725,2.943898661805973
T15_12.jpg T=210,0.07488857191410167,0.2554921596884502,0.2557152539519361,0.8085515095608895,0.7235764527464842,0.9499387503610144,1.7874606993844109,3.440704526412252,16.796000443468703,22.295193773085646,13.621668839504235,23.17406470099473,13.491187343706718,2.32555697522042
T07_07.jpg T=210,1.3579608257116584,6.5615134253527225,5.092380120400074,6.439957453817723,4.517802642342309,4.1100921056496365,4.711671952882378,3.7967598086910486,7.089829666921822,4.8290959657754176,12.83795303502636,20.753283783355037,14.588251396360445,3.3134478177133544
T17_09.jpg T=210,0.09004850346241589,0.4493904550637685,0.5543434870459757,1.4699810605428636,1.265387528850891,1.7392663848654462,3.3258854834697704,5.874087363675728,19.838136922469552,13.070445821030207,12.833581458054393,22.049810181729857,14.602852229785707,2.8367831199534224
T14_05.jpg T=210,0.24486417613076225,1.0735607436110028,1.191659565197669,3.4709210847207723,2.3312500886145084,4.301512894874699,5.085510974569845,7.366223634514606,14.790764122569465,8.212843292061345,14.835652633916164,21.995364791397705,12.549085988377724,2.5507860094437302
T06_01.jpg T=210,0.0,5.466470106148616,6.415519325287808,6.4903229740877215,4.093646405171527,5.601961353738159,4.760586518900445,4.9532672986482185,6.9495034413966845,3.937274345075629,14.11911954620775,20.78514925661174,12.78532840733742,3.641851021388277
T02_11.jpg T=210,1.8078305610321268,6.353008510430054,6.114960724584869,7.223777239999969,4.738418149951358,4.1159820912952725,4.525449151524401,3.5102874768100936,5.790016809647659,4.359420139967754,11.632328426064058,19.563051785213435,15.760234278613208,4.505234654865737
T20_08.jpg T=210,1.1022454724691833,5.714160342325298,4.802840451488132,6.359938294688827,4.545448256374437,4.212972013796716,4.926325795968143,5.002625989275038,7.190047660916513,4.6558887884613185,13.00192754525544,21.31793919675761,13.509053372240592,3.658586819982762
T08_11.jpg T=210,0.1186959547407284,0.5897656123117613,0.6024200859511771,1.136866620325117,1.165942856403441,1.5619846033462856,2.9871853640002404,5.403819068073012,18.746551570384764,15.446287614579404,13.877408600730956,23.266279941614496,12.270312394124026,2.8264797134145763
T16_05.jpg T=210,1.2342313849598754,4.602055991341582,5.141865386862298,6.824841510382629,3.266931499349547,4.567822659883982,5.369024682250488,4.431947708449559,7.65471262282027,5.380780140583074,11.814771936854381,23.926202034359235,12.877529848910287,2.907282592992784
T16_10.jpg T=210,0.1124442552101378,0.6127002849745616,0.7062686500847537,1.4338351315579776,1.5472470528933988,2.084104973351552,3.865020020208872,6.564265997952562,18.742328198896907,12.242550127219264,14.478470150599652,21.671247903817438,12.490448765219192,3.449068488013728
T25_01.jpg T=210,0.0,4.353858713100279,5.305035421581306,5.587564115673175,3.738109959969908,5.4264856006437565,4.964243282507353,4.225123561462719,9.117014744499832,5.505065053057872,14.39133509201969,22.46235789313053,12.52813992562916,2.3956666367244
T03_08.jpg T=210,0.0,3.1618816231737368,4.144735039850053,4.77500205454788,5.147547916838233,3.494790238303247,6.732287897337471,4.5319264389811496,10.099736518667397,6.235468553985157,13.05296592185972,21.925961625764817,13.928578365909164,2.76911780478196
T21_15.jpg T=210,1.3462963992420216,4.786384807664133,3.5787158822995693,7.163221019788562,3.4383053675545927,4.8103439249468325,4.27603681741065,4.788145996961101,7.781297550293428,6.056593086502787,11.871861530377192,21.857901228703863,14.736333421586785,3.5085629666684874
T24_03.jpg T=210,0.0,0.8816097293365596,1.3635694893304868,1.9120391822427207,1.7630412162298563,3.4580322687259133,4.569229119419713,5.741893017661227,18.954220003447485,9.383831361512039,14.594372847109332,24.144910957864088,11.190087652947543,2.0431631541730115
T19_09.jpg T=210,0.7708220966412832,4.222459160016092,3.8402218271800175,6.95838420317245,4.297022237967985,4.195803963576679,5.164155520512389,5.50544051540267,8.285314289698741,5.376460213507173,12.529410535697545,21.0279333092193,14.649803285419205,3.176768841988489
T16_01.jpg T=210,0.0,4.821268580636961,5.82986263746014,5.999665296294108,5.752196147896324,3.527297578671291,6.120035222768714,3.7124985031838595,7.603001301950022,5.036171713586043,14.521003684836938,23.109090743305146,11.193732388044534,2.7741762013659166
T15_10.jpg T=210,0.4271553980298349,1.9569905005743808,2.7484290509862457,4.527898430182409,3.967715589813796,4.3666290172270665,4.582538708058316,5.8980836582864775,12.664141290307734,6.526296157195032,15.377803114487238,22.78156464176536,11.552501697992973,2.6222527450931308
T06_02.jpg T=210,1.6608410375973832,6.049906324609362,6.291686248102793,7.746876217263285,3.41711298333177,4.45943505745485,4.930571124374937,3.8293593900473213,6.119993588057593,4.07194818754478,13.923365755157686,20.048937133311306,13.192346304416175,4.257620648730759
T09_08.jpg T=210,1.8846492871164209,4.913411656774223,5.316800413184447,6.5912834641688,3.793602537820592,4.72253460558079,5.170263230310376,4.18892522065693,7.163694256684617,5.019979828947382,12.859336888031844,22.41546205890617,13.495679105870645,2.464377445946752
T06_13.jpg T=210,0.7797884683957501,3.10346434837542,3.8993498381418727,5.9170077805878245,4.668968478208363,4.658611674178378,5.884474880888201,5.121878312061782,9.65211007590534,5.063562457618339,11.107034974671755,20.396153932310494,15.741157537143724,4.006437241512752
T06_08.jpg T=210,0.4509646671548611,2.0005724464301657,2.8770945962854486,4.765498139164784,4.164792277012179,4.5235485557781265,6.2141946149501655,5.8151721484128345,11.520598982622195,5.809643337747378,13.36519118195454,21.557226467416406,13.584261927506088,3.3512406575648206
T01_03.jpg T=210,0.0,2.858659943038956,4.1294822819290635,5.108086338310671,3.835307167106429,5.980967130209327,5.779588067717903,6.718843402087625,9.998359974094942,4.5900579803652715,12.91006636422962,20.6242920471447,14.09183331370861,3.3744559900569
T11_08.jpg T=210,0.0,4.859782377876664,5.514284389725933,5.51511464490031,5.28508360229443,3.28882256693638,5.845734760599133,3.6918501410959945,8.069890814545063,5.997676884514401,13.7283036030467,22.50262993473132,13.379183830415947,2.321642449317729
T06_10.jpg T=210,0.2668858246016296,1.2913963554202623,1.2334850771565926,3.1849201270482137,2.0201006517226974,3.6997705842019406,5.982736034926687,5.133766699657341,16.70097584233793,8.458418716893172,13.918811866252366,23.347381911855287,12.167236351153285,2.5941139567726066
T21_12.jpg T=210,0.2998798610903334,1.4320611532299248,2.23009035632117,2.9977598647378496,3.758785598637819,4.3604959313377165,4.873949785607575,6.679778951824591,14.035504739404663,7.515616965508211,12.280483594307453,24.13555068838049,12.722190177873644,2.6778523317385625
T18_10.jpg T=210,1.1778822291130076,3.3547997767852618,3.2086858358754915,6.104950117922822,3.8911927574686267,5.227001356773172,4.97585736966957,5.437649165023104,9.65704941346355,5.472698329715266,14.40734904597391,22.70383044583557,11.51728193180202,2.8637722245786144
T19_05.jpg T=210,0.3126871161787951,1.37956954299706,2.1232546045118847,3.9251969279458927,3.713700614119033,4.269890322354694,6.250575964336168,6.262552402617552,13.63632486841239,6.678838902437082,13.517860759066975,21.842970094685,13.217641902148069,2.8689359781894126
T10_04.jpg T=210,0.4356054590507823,1.817284939950336,1.850473433418086,5.027885059391034,3.0816354500554946,5.180468715600767,5.484878481070943,7.04669671575773,11.967911463103665,6.514053895285107,14.18342155913575,21.997769078489,12.979251428564522,2.43266432112678
T02_06.jpg T=210,0.4510309277647969,1.905198139928016,1.9458795401516518,5.150592643889377,3.1195276100423897,5.2013807248000505,5.4620978303527306,6.983551715513817,11.876872198121871,5.954306334814251,14.375660320705734,21.129927802767888,13.284647787537615,3.159326423609786
T14_10.jpg T=210,0.819069633631188,3.2930288834258525,4.132886754484454,6.046702152469533,3.147164001056112,4.7054706058220805,5.9057524564248585,5.104577337346601,9.000562064882732,5.871395408055784,13.43598850002108,22.83884858669147,12.640997907503893,3.0575557081843776
T10_15.jpg T=210,1.2621411003254823,4.581250893522581,5.066570407987904,5.059643947029188,4.909731294590179,4.6635522234988604,4.195029582554689,4.687129292186008,8.190247767935757,5.497358908642925,12.455832964904475,21.198244596991767,14.977565669326944,3.2557013505032346
T01_07.jpg T=210,0.0,4.919533221155037,5.724528979831902,5.7639988787178495,5.522813754624174,3.4200001308113155,4.5145978973091285,4.979762300175642,7.991339719755665,5.332619459024963,14.250506208061216,22.29886340041304,12.978678334221025,2.302757715899044
T17_11.jpg T=210,0.4653486196645604,2.0374264645401743,2.858838370758085,4.767932980022711,2.801493675123808,4.609669743709242,6.411261668034898,6.135483216752031,11.838843137268436,6.4326737829030565,14.617094821350387,22.14929117274346,12.116400156056633,2.7582421910725152
T17_04.jpg T=210,0.40281653806340056,1.813061756052809,2.511673869944738,4.239349583117821,2.569932081170397,4.36009859739438,6.314847251005701,6.290389235503849,12.76897953865053,6.974425618999352,12.40247710778492,21.53912762526036,14.439480724634302,3.3733404724174445
T13_01.jpg T=210,0.0,3.798882171723472,3.271241109108169,5.516312318242321,3.8643090433770753,5.807355204145838,5.527771585596876,4.86064941541605,9.49970487493839,6.017769716965108,11.988027626021367,21.4658507788176,14.971594702357647,3.4105314532900826
T24_06.jpg T=210,0.4947053113589597,2.149414560496492,3.128364182793406,5.244282748278943,3.04381391380772,4.905775251325738,6.616339349086857,6.0615019917021336,10.801965775443804,5.8517441757611,14.72323721976974,20.79943538604234,12.706611089863362,3.4728090442694133
T24_02.jpg T=210,1.1025428729261832,4.220653958174887,3.5291514530576547,7.61858816134322,3.823968322382808,5.464480306098371,4.848447015460514,5.2632920214445384,7.771296059345857,4.677173770646,13.967495082624811,21.040318014460766,13.578034909912985,3.094558052121404
T20_03.jpg T=210,1.3928431369985492,5.1851966799678495,5.6398631522790055,7.309342534965652,5.1020815873402725,4.617059929826322,3.9448528426546767,4.127327372077713,7.20354306550768,4.177926665969462,13.172554206643467,21.75973370538476,13.277960269066329,3.0897148513182464
T02_07.jpg T=210,1.3867449577738171,5.116046089885639,7.144133565136843,5.058921402197761,4.64735238964736,4.169665623351463,4.764373542523175,3.828097212218472,6.990014685089887,4.711701550009584,13.100375125549068,23.61133229203464,12.310136223890426,3.161105340691854
T04_11.jpg T=210,1.0421719252759931,4.016823885016189,4.755864578292384,6.631688790077193,3.297437673385284,4.730949496064033,5.711295134415548,4.768128171266968,7.949292570865555,5.2821714890477125,13.208159613659124,20.991301317859442,13.468522327850213,4.1461930269243625
T25_06.jpg T=210,1.4770778252437282,5.356707563480329,4.111404154480037,8.06767848046075,3.731949800536148,5.078646900871979,4.353923594930439,4.6241614055836,6.867116136817149,4.4994094311171065,13.881639320317152,21.000828657789718,13.315706811815298,3.6337499165565785
T22_02.jpg T=210,0.0,2.5456609222576074,3.5894998236104767,4.434939452971459,3.394789421191084,5.428804298825649,5.4808740590226055,5.1184747556086245,11.718387676947732,6.424326367393086,13.401907116772325,23.17139245580421,13.163462346828707,2.127481302766436
T15_02.jpg T=210,0.0,5.30566426679531,5.941723628394487,5.879065750827044,3.704853086440126,5.134026012640435,4.511136620565035,4.9504642137495285,7.799918865886522,5.204535753921175,12.346470524483113,23.119322457675395,13.436228557951026,2.6665902606708127
T23_03.jpg T=210,1.4435881345559711,5.198110873570752,3.9704459518779975,7.80156707044652,3.637125677804032,4.9722024862683565,4.281270781899557,4.63561881897334,7.312338891164397,5.190577042704743,13.953861503794535,22.26315416269545,12.968946508546708,2.371192095697644
T12_17.jpg T=210,0.1628364660669067,0.9556817360352252,1.0599587001423123,1.915887729753492,1.8940233762638832,2.4612021026534587,4.3576935645064925,5.572927035799367,18.135780041249312,11.420300045518902,8.995536401993194,22.62666749017879,17.22609783807946,3.2154074717591885
T08_03.jpg T=210,1.1157787595374922,4.244282037292199,6.471506731147955,4.934745699163644,4.791593735687505,4.468130201181436,5.2390034696943895,4.271901461668935,7.800988948730601,4.665505931509309,13.760741360203744,19.8192355399427,14.703510063048535,3.7130760611915554
T05_11.jpg T=210,0.9708436482819364,3.8847876791564095,4.663373539020942,4.945175205702332,5.044315061133279,4.925964519672125,6.050849743437103,3.8303224750748313,8.552566678429361,4.958207262605806,12.681543707936113,22.005083179360934,14.036528576814149,3.4504387233746803
T18_06.jpg T=210,1.1408544300358914,5.678986292347855,4.6395127905873,6.188960375407769,2.9732201191892202,4.18968277833087,5.008736068999793,5.219370200726272,7.347651966106348,5.7809447846212825,12.02577498940227,22.48946366430099,14.268037774690187,3.0488037652539526
T16_07.jpg T=210,0.7966104056496883,3.162320318157348,2.8307697274740264,6.520434341225367,3.4988155170562742,5.320125496060566,5.0737628804248365,5.9268987300705165,9.348155633253704,5.865907462943494,13.843672225157572,22.9722770468224,12.177236437179994,2.6630137785242005
T09_12.jpg T=210,0.5279873155675788,2.312455857835263,3.2386540347552053,5.2321753089604215,2.968974248019967,4.756565393896585,6.424296199072957,5.963632280559898,11.049615711605268,5.969205127271135,12.707957167503931,21.657045737208595,14.281319471049807,2.9101161466933907
T24_14.jpg T=210,1.361811101798266,5.001762575838172,5.386598356139772,7.033725864882376,3.326394398311045,4.563419208069584,5.278744597509368,4.294960912143171,7.2272820261628175,4.793211348022378,10.543564697543898,22.80803601292912,14.19712011432343,4.1833687863265885
T23_06.jpg T=210,1.1912403855744074,4.47401913770238,5.200474355033324,5.3500782477860005,5.2253704361054405,4.921076696298495,4.344371724476572,4.6898922208731575,7.6635242751623345,4.884925241045488,14.084112156574793,21.790763030085227,12.320493287751805,3.859658805530581
T17_05.jpg T=210,0.25133979742682755,1.1412250678677327,1.932703759649241,3.7458419747533287,2.4058080452690183,4.254292196756351,6.4536632714255,6.761033113359032,14.2146356553373,7.223743113437622,13.058348571170974,24.52381414143816,12.223578719604065,1.80997257250486
T08_04.jpg T=210,1.034801976035965,3.94699668944647,3.331246556026642,7.3534813335973075,3.76634112797005,5.464963038755536,4.957012430563276,5.503115090477516,8.164723946658867,4.760443916324356,14.384996790660242,22.55974048868688,12.186450291770553,2.5856863230263425
T11_01.jpg T=210,0.6922109658367176,2.6997347983180107,2.5029747430805984,6.187710382781786,3.504539921815179,5.558823342619232,5.482473665536613,6.483725675164995,9.977972944073588,5.1205589801279165,13.612558473661352,21.435672119545647,12.764467340902419,3.9765766465359413
T24_07.jpg T=210,0.6950825158521853,2.7935383386294896,3.724118766732703,5.867457356767009,3.222358923225139,4.956045672912998,6.358846594186231,5.589587586013686,9.759086588741829,5.378645232819681,15.506507062271561,22.779426912361608,10.791588690791523,2.577709758694333
T18_11.jpg T=210,0.5328148380444868,3.1398726444179084,3.9108596645862463,4.562839138889858,3.760318931624503,5.198121727441008,5.136993717030451,5.871931731678193,10.223789750364043,5.891635969583317,15.070601180400145,23.369457421130484,11.08376236772924,2.247000917080113
T07_06.jpg T=210,1.4895331211225766,5.4182815610773325,5.646301592828218,7.039247451481183,4.788337389883114,4.2566940033230845,4.792293823732796,3.7919447207648624,6.386845595548962,4.8236566107373084,13.940123346794712,20.960748082944978,13.373851801994483,3.292140897766404
T05_04.jpg T=210,1.5337634736636618,5.434038670969539,5.481648043437053,6.7871606166069816,4.6242420494540575,4.139103029756326,4.7375974458249415,3.8568131982471887,7.38089506418432,4.822046642512789,11.135715502788921,21.11569877571237,15.85597175688101,3.0953057299608497
T18_12.jpg T=210,1.2258630560051529,6.055470796868407,4.748687382332884,6.088280249288566,4.293489610673535,3.972603714387624,4.650258195790655,4.770807205063562,7.275043512158606,5.343969447902907,12.040061963424776,20.717897240706986,15.687103690612078,3.1304639347842445
T13_12.jpg T=210,0.3621601948289075,2.249510719210204,2.4219271868174266,4.178032622002679,3.7555008996496295,4.2004904135596455,5.972922345273484,5.781231427488228,13.13337099192258,6.198789363293365,12.868174121640775,20.741277434637226,15.059864056361844,3.07674822331402
T15_04.jpg T=210,1.0434000763470694,4.083269488702111,5.108348662223478,5.45481561116838,5.3982698101908975,5.1710904916523015,4.649280128308211,5.073698944648156,8.142431071849602,4.290502164370368,13.351097970960355,20.85290850056233,13.511078661995425,3.8698084170213125
T12_12.jpg T=210,0.12670923779698062,0.7704230508984092,1.1365645934815234,1.6083309902350988,1.6511065198846941,2.1781502975589184,4.918326926466479,5.17531607021451,18.88824763350417,11.63084052454813,11.47263861186384,24.143452534865666,13.180824612089596,3.1190683965919828
T13_06.jpg T=210,1.0158712102991176,3.866050760928519,4.659490385893054,6.461790339062036,4.762984135705279,4.516444586730093,5.390757078417171,4.4410529785773765,8.186100531376734,4.970902820462599,15.420418706670738,20.70962487752682,12.114804167417125,3.4837074209333414
T01_09.jpg T=210,1.3819283405611555,6.949159403992781,5.74981897419487,7.39535854751561,3.358128768689163,5.919239414126802,3.6968518528914016,4.7019739514070436,6.225366753933315,3.5342655367720712,12.41015855674672,19.496639158318967,14.784609732879904,4.396501007970179
T13_10.jpg T=210,0.08503613204778794,0.4496702614908141,0.5523825709553035,1.3044524318674329,0.9778226749160716,1.2037858625355964,2.198249982571717,4.0822478036555685,17.068637362152376,19.49094023673401,12.558578202697856,21.84800713549891,15.085385672550993,3.0948036703255486
T11_11.jpg T=210,1.4120362951421714,5.112257006216452,5.545027729974773,5.334395082885076,5.031725960197927,3.0984740289325514,5.398324476879133,4.449219568422873,7.102502255574626,5.416150090295887,12.352106289744231,22.98885367069447,13.204489276193964,3.5544382688458613
T03_07.jpg T=210,0.0,4.061067462553766,4.77044519548507,5.087043060226561,5.1877715056904785,3.413579577491837,4.809236578768379,5.600732298671705,9.290032395250213,5.952207961428223,11.875568698110865,24.804831749022625,12.672445346525526,2.47503817077474
T03_06.jpg T=210,1.2133610567940842,4.507174705532549,3.472982017468188,7.110720650197562,3.4623841954814827,4.939633513560966,5.941769048313008,3.718596901668308,8.57700721065049,5.132815992761204,15.038280576350225,22.761998885462212,11.448802069739303,2.674473176020414
T09_13.jpg T=210,0.9934628475067984,5.21217184396483,4.441557032373282,6.088427327574995,4.4906075458467,4.252905142422846,6.314439127463311,4.131095714562424,7.556776254148716,4.941517328747081,11.880012327757974,19.081340629692143,16.919504530082957,3.696182347855944
T19_04.jpg T=210,1.1928712073343497,6.157317879040378,5.129130780302087,6.663921344728272,4.665165961736352,4.241823708148732,4.864630256504031,3.881032233875296,6.9327966570726485,4.642486244280795,11.46910644023484,22.31180874117284,14.067356268570752,3.78055227699863
T16_12.jpg T=210,0.14515073850292715,0.9354876606778402,1.100724945769711,2.071079569367244,1.3985292774957263,2.7133684546306616,4.7542953670084485,7.411283873803513,16.753327074210194,10.97750486916124,13.306519591425044,24.53141630713896,12.060593221572173,1.8407190492363208
T10_05.jpg T=210,0.4698864965069056,2.751642543653033,3.743143745782821,4.599379234647639,3.9218989725454434,4.159694687187269,6.933805504332824,5.0729123058051755,10.888353467345764,5.99816877971408,12.80804984090105,22.01450071501445,12.942266011073905,3.696297695489633
T09_14.jpg T=210,1.3487436737355096,5.022308279731737,5.537877470827099,5.4390768174690605,5.124852485033703,4.739916518195578,4.153948152174957,4.500987332991246,7.534334053321557,4.812264554063857,12.207942619189891,21.15907700259192,15.07902535296007,3.3396456877138214
T02_09.jpg T=210,0.24537155872145416,1.0194896318259687,1.4657433910492643,2.894782332099388,2.9948766715243265,3.7283565137453407,5.975158639990108,6.5896301433676925,14.87771320377473,8.068936800168242,10.597842168392829,21.91613268844695,14.801184649952733,4.824781606940984
T10_01.jpg T=210,1.4121532160794492,5.112071383355459,5.41258628462415,6.911980068237942,3.235351589135149,4.430796100710556,5.124748173091215,4.1875108409975175,7.282088725693277,5.148794784444037,13.845708004542857,22.912295400607142,12.269459645332468,2.714455783148785
T05_02.jpg T=210,1.5591793621860672,5.716873954783102,6.1005955279675845,5.736544846565173,5.203824921178262,4.630364613091837,3.9231310278838007,4.16305956271484,6.8472252389938975,4.423814456580982,15.31142286440699,21.16858969260044,11.80121645857536,3.4141574724716657
T21_04.jpg T=210,0.0,5.747534245592138,6.335269391873188,6.026472790572561,3.7414838482237376,5.129248786525036,4.430005747465121,3.5862169405957185,7.577894006749767,5.287994997503726,14.465612784709199,21.909198088339075,12.479944041329453,3.2831243305212685
T04_03.jpg T=210,1.1698560838669143,4.58924022834505,5.413588465830791,7.377544769258237,3.5535186196501116,4.965246228559102,5.7562479252494825,4.552672658933559,7.045764331988348,4.048787167037104,14.6338264941749,21.502714924175105,12.275940134499187,3.1150519684321134
T07_03.jpg T=210,1.1145804827594443,4.196595583366497,3.310666319559365,6.965197545732117,3.5102288321469577,5.0977887323649655,4.641100600492483,5.2148586926526335,8.312480519330013,5.769388097168098,13.441369170891427,21.900060861119517,13.283419068394256,3.2422654940222166
T17_08.jpg T=210,0.0,5.675455422400909,6.272462251411481,6.0070534913571025,5.51611868709287,3.361831504608692,4.408609980795476,4.793292200203274,7.4625189616050625,4.917554117518697,13.230505377992888,21.545285194478264,14.537705526802334,2.2716072837329246
T22_10.jpg T=210,0.0,0.5976916852663345,0.5491499666217105,0.9389245741656228,1.0505572470845044,0.7863394738253168,1.4509463336287416,2.0320365605804978,14.25752710882746,23.768281463549,13.968287404248981,25.924287019323287,12.442884486666589,2.23308667621195
T13_02.jpg T=210,1.7050986825018104,6.123066118574719,4.43105456454275,8.220349695347991,3.727921527066544,4.967616623650828,4.173808568595772,4.423941972680087,6.642590093423665,4.354111353424112,13.660398022008385,20.916318900102166,13.081450188788647,3.572273689292543
T24_13.jpg T=210,0.3545136738613413,1.5473157374396598,2.3622311176607864,3.208982342493733,4.020811118011092,3.1053045725340818,6.890681499288966,7.002950220401968,12.732972010588295,6.880057768647088,12.52117355065535,21.5631497131978,14.467690934204626,3.3421657410152164
T10_10.jpg T=210,0.2398001649907762,1.1759913054496598,1.823387262696285,3.3044292605601524,3.2000166179977128,3.824450443165452,5.889014302826469,6.267180792223419,14.955973079882407,7.529763985012276,13.80835666242416,22.605233902157444,12.363047401907355,3.013354818706425
T16_17.jpg T=210,0.335107870406832,0.8273300232048572,1.5996764083038448,2.1904470612153832,2.930887534554041,2.7729730587590624,5.712774040228116,5.306617701824068,17.04258691389525,9.056547948557725,12.217655484725142,21.511563044877448,14.942716252983274,3.5531166564649617
T14_12.jpg T=210,0.4748263876837071,2.0073011965623926,2.960400679928424,5.012818381883811,2.929208929134491,4.749743291439832,6.48786747310316,6.121282510182045,11.443761611988153,5.969563224322384,14.437629814426494,22.82328638218629,11.896178411125483,2.6861317060333354
T11_09.jpg T=210,1.0580417893450318,3.97247044501961,3.367950843393953,7.456601613031484,3.791410105492023,5.5033464482712064,4.972912790667056,5.459809752742107,7.952315528473631,4.609187378743464,13.709039673521318,20.892669673726466,13.275204902154028,3.979039055418633
T09_10.jpg T=210,0.1799243160358927,1.127908139419061,1.2712363368413504,2.432534413091364,2.4835222426058183,4.196777519158052,5.2029053541491885,5.997084267849977,17.190625686062397,8.414832673747794,11.772701665301133,21.43565635120411,14.473847113839991,3.820443920693864
T12_03.jpg T=210,1.7289818701709303,6.2236561347583645,4.485604693999134,8.35399290794233,3.7728417650968415,4.990366705497356,4.129499466182723,4.248965117746009,6.149539670482394,4.266956770079562,13.952318093900955,21.51089960378961,12.6346803267679,3.5516968735858967
T17_01.jpg T=210,1.6069298807972805,5.6669041269243134,4.087572363241029,7.754538804394404,3.5752518071559165,4.882667856217638,4.222566317245287,4.576108840286475,7.2013399069662505,5.0377050802950505,12.970625441982119,22.359484736528454,13.068322231260755,2.9899826067050137
T17_12.jpg T=210,1.3730310577308729,4.9044715851335,5.293365937497334,6.868286642339354,3.2110994644953514,4.412139502147247,5.143020768671152,4.237713416320534,7.52029523511087,5.349863191254358,10.6510724765471,22.09044078785733,15.877698302287099,3.0675016326078812
