Image name,0 mm,0.063 mm,0.125 mm,0.180 mm,0.250 mm,0.300 mm,0.355 mm,0.425 mm,0.500 mm,0.710 mm,1 mm,2 mm,4 mm,8 mm
T19_01.jpg T=45,0.0,6.799553351563543,7.273319165254639,6.700398726884554,3.9852561449924613,5.253135545928875,4.3570769501505735,3.3861932440733953,6.6020445015343725,4.237446779880547,15.379959600598312,20.946498964286725,12.184321324484172,2.8947957003678337
T06_11.jpg T=45,0.22100654064228825,1.1343074674926836,1.738807349628321,3.1725136971256167,3.1078576536828866,3.8012396505401083,6.021233732332248,6.520973785142774,15.56083963400195,7.657963702817848,12.785777234996992,21.56387803402548,13.572875811138964,3.1407257064318364
T19_07.jpg T=45,1.6947004518637163,6.141250892404015,6.286698734688042,7.529699766214986,3.316720423482384,4.362322566893576,4.845054555754942,3.786202270419152,6.32808759945825,4.50383083604982,13.91752630041646,20.958844702232145,12.588670645075872,3.74039025504664
T18_08.jpg T=45,1.2570529808164648,6.228458350976228,4.782129228646439,7.440248011527915,4.078029477948832,3.7010772060780686,4.2755232813297415,4.345386349323558,7.142783433961557,5.009015534609666,15.7460055829885,22.55408984327539,10.792713420401027,2.647487298116604
T25_05.jpg T=45,1.3218066592266182,6.649033447429413,5.3720274912769215,6.7512922229028485,3.1016036542953187,4.197977696912643,4.770890237707021,4.770105313029903,6.492552806172688,5.170379388625445,13.558681465654766,21.416904936902768,13.211530165685215,3.2152145141784434
T11_03.jpg T=45,1.2712438970611502,4.6847052190872365,5.210480866048945,5.2151126782427415,5.025755480686863,4.719949439722377,4.191421592987343,4.5643352384771525,7.876061830113204,5.442311181923079,16.035204820865808,21.48802031282228,11.892851934254756,2.3825455077070647
T19_03.jpg T=45,1.3796365211085804,6.857384438718832,5.248853435870079,8.108203056626323,4.336779570305362,3.814358690697416,4.279700413340681,4.216076543393955,6.10919153098794,4.642093435880791,14.273752024677483,20.4895066627186,13.504732089584895,2.7397315860890843
T08_05.jpg T=45,0.6800911490576506,3.8732626319178793,3.7976056160084566,5.845024167742723,4.678459831940302,4.6948137553866935,5.884989893664312,4.969897309701636,8.834815728821349,5.022021656775991,15.126417525217727,21.495958435764027,12.487094351943572,2.6095479460576767
T12_06.jpg T=45,1.496448781190408,5.254241978204174,3.8256005798482713,7.380524167266325,3.4150780452794933,4.686411380555387,4.09735574708589,4.533601563061077,7.446187813691982,5.816907427862433,15.884337595084233,23.142596030617124,11.055603287856538,1.965105602396656
T25_03.jpg T=45,1.126837962937169,4.2264625010238985,4.863775738080116,6.520217141827728,4.727470272706012,4.4039870842761175,5.152889485660533,4.22126615522802,7.95221874003497,5.3253679994845085,13.73454403046926,20.50467300481353,13.215745298066164,4.024544585391976
T01_11.jpg T=45,0.0,4.946112249209275,5.640597644780053,5.724255422474681,3.7106672067118014,5.242720753607843,4.687149597800178,3.9268111500101854,8.491077493058901,5.770620860413652,15.394495247801672,22.407562383454383,11.89013269662864,2.1677972940487464
T07_05.jpg T=45,1.4368046004837776,5.438859440367464,5.812525806322548,7.3815824095731974,5.077772047241134,4.534726364481141,5.0555777039261205,3.8641502594045,6.0331852657229454,4.140790007608464,14.257313713092366,21.179189243015564,12.501621237589113,3.2859019011716777
T14_01.jpg T=45,1.6750593217789638,6.0993547733189,4.486913478427752,8.374197370241145,3.777093942371133,5.050826786192093,4.213156986116436,4.350927095965218,6.353103242712103,4.336479827894714,16.224940802392528,20.456970076373874,12.298478145246888,2.3024981509682587
T20_01.jpg T=45,1.7658095228938089,6.402878545111947,6.7871259047762855,6.16475487168252,5.412831916289368,3.1283359820561865,5.127044410636031,3.9263676148098288,5.783573397694834,4.399584115329632,15.994751452788202,20.797987230888,11.766219334683047,2.5427357003603053
T24_08.jpg T=45,0.1725714680945057,0.7772986308800909,0.6707626098052584,1.4789037882703957,0.8691085906214783,1.637209413472799,2.3079154944334848,4.620302488682087,18.41800861376006,16.84216600477673,13.916922806650634,24.421487416293232,12.019801245668006,1.8475414285912568
T08_02.jpg T=45,1.364908282007327,5.194032827489379,6.055524116661202,5.9570625903714225,5.591432187724483,3.4135175939276183,5.839230114147902,4.57162585273086,6.4879318642206325,4.430213593383054,14.137494944358393,21.59290924531035,12.226906839331793,3.137209948335594
T03_04.jpg T=45,0.0,0.8311701084138219,1.111171616509788,1.2379451765046148,0.978982819863361,1.8578899401112607,2.607914644858612,3.8330047665761735,19.661932211664023,16.284646709405994,10.917947528614523,23.447408609769106,15.23140672869688,1.9985791390118388
T23_02.jpg T=45,1.6274364459680564,5.978666049537573,6.265476929884574,5.713847942351529,5.08886545927168,4.5315404094319245,5.083131024498871,2.9678672934054537,6.442032894898187,4.546686051673613,16.118633161307926,21.141407479793287,11.799872544109334,2.6945363138679785
T08_07.jpg T=45,0.18701224910019845,1.3141973908815223,1.9893002823627648,2.8067819474826403,2.789006634208512,4.5610663728164385,5.434630869941424,7.441104682509666,15.035990073001173,7.099144975588198,15.01519581371006,22.45310572799873,12.396095301713085,1.4773676786855996
T04_01.jpg T=45,1.6990345173868315,6.23362874594558,6.469687701011975,7.909996273510723,3.5044429792562863,4.571464617683186,4.937635936843697,3.694532554957025,5.7798563753078325,3.998096048447516,13.291855447250054,21.752778221593665,13.334776137549007,2.822214443256623
T23_04.jpg T=45,1.2087287748202593,4.505023938713928,4.967743912334734,6.623542376281266,4.731109631650331,4.376345404586109,3.866458198486352,4.285115056835955,8.220504019363778,5.377515255790988,14.791172603242867,23.102624872519666,11.249252033141136,2.694863922232643
T25_08.jpg T=45,0.2441500630789113,1.110133293475712,1.2526175538938673,3.6853334388867314,2.449414115288837,4.510187550802827,5.332422511353325,7.666604252417245,14.809842238913355,7.263400278142742,15.913557597094407,20.776272574429594,12.515883733207055,2.4701807990153806
T24_05.jpg T=45,0.7376398470096173,3.175227392146628,2.9012783262638684,6.7212808645667765,3.6498278591061686,5.5382771319042,6.956753328374561,4.456004462867768,9.673449213102165,4.872893595223746,16.89523302650202,21.910295206465783,10.51724234405633,1.9945974024103617
T25_02.jpg T=45,0.42648033899086935,1.9337632760095016,3.824278976688532,3.6121341105036153,4.21359063158648,4.574138512646313,6.271451215034037,5.814544773594222,11.538753730481462,6.044455238822183,15.412178818570592,21.398316481749536,12.000749175416985,2.9351647199056643
T12_07.jpg T=45,1.6253074483180159,5.8359896587865725,5.776256566594089,6.957268175870049,4.631928412693214,4.107536562268212,4.604502676255153,3.5979017359094736,6.6915278082683445,4.82089920485961,13.434073379858685,21.278763531299557,13.450952340055222,3.1870924989638088
T14_13.jpg T=45,1.2263987956215718,6.112613788088678,4.884126815316208,6.354589084977032,4.512241427679206,4.1473323844012855,4.797402974552568,3.893888413921068,7.304657759019323,5.501615963827424,13.86154727240594,21.506462350965705,13.302664445131965,2.5944585240920284
T15_05.jpg T=45,1.5338878490953087,5.602155491311835,5.697555384547028,6.928942276236278,4.6263612818379745,4.097193471093377,4.624587552084084,3.684198848319083,6.868658062286488,4.910680139286609,15.200177431805606,21.350574105897774,12.121587877602524,2.7534402285960184
T10_07.jpg T=45,1.481780223472431,7.116392884714262,5.2844974764660035,6.415926184913349,4.339149628630243,3.8467663341195117,4.326667469372976,3.4674966522581667,6.702252631181649,5.244277614632724,15.839204393332565,21.22602810072073,11.748206117255325,2.9613542889300684
T01_08.jpg T=45,0.0,6.6657889965757455,4.98163862842063,9.42535325492115,4.236746496506243,3.767113017608674,4.721316827467257,4.809320288028057,6.170476573763972,4.335962461558792,13.523976602871333,20.570566241041366,13.91430607787544,2.877434533361339
T11_06.jpg T=45,1.2323780733718916,4.640817225767912,5.157289606479731,6.801461407862084,4.8293498176939345,4.444213862039733,5.149380568207785,4.148822945520186,7.077254909111249,5.271922126725261,17.377421270015088,21.66750746594036,10.305413078380305,1.8967676428844893
T23_09.jpg T=45,0.9715635875278628,3.723693486772423,3.1066550400136013,6.787500680329144,3.5044165681240838,5.183641090438265,4.819445201916458,5.526761310762431,8.758578443067329,5.8236830015722445,15.538893147168894,23.352196885127288,11.004183308741087,1.8987882484389056
T11_10.jpg T=45,1.3835420824805311,5.032026952726385,3.7615803334972977,7.386261148613647,3.4637232620374,4.802606921596452,5.609036200007733,3.4370401528607033,8.004149664486215,5.397087452250291,15.678316654172539,22.56229514442873,11.315198042214018,2.167135988628048
T11_12.jpg T=45,0.5245067448747333,2.250840606750808,3.176489790979188,5.331081326642468,3.0874548561609263,4.978747823706851,6.710465311460817,6.147272902790835,10.806266559955503,5.636106437017299,12.679149446647616,22.270389540718604,13.791851942000706,2.6093767102936583
T16_04.jpg T=45,0.0,1.9481571121704464,2.8921745921379767,3.7503566633129535,4.565379395330302,3.4398158842093496,5.545159220545767,7.249574528663444,12.672633936839562,6.375910100569242,14.947401805418307,20.643259836943567,13.606907564730735,2.3632693591283416
T17_03.jpg T=45,0.2660635888589445,1.2668406134196624,1.9485269255395359,3.5862678880039485,2.315787609147298,4.189553696185818,6.485015172079207,6.836604777819599,14.239010107862475,7.178734074113373,15.942339107098825,21.742428242779518,11.538382670317647,2.4644455267741514
T09_01.jpg T=45,1.7931500168612593,6.504479220100462,4.617860571490368,8.429370252329777,3.728517881905908,4.8911032880643335,3.999232459561934,4.0502474909901265,6.392650703770532,4.068798221483613,15.344694479308707,20.92061357213888,12.771723387865192,2.487558454128926
T16_13.jpg T=45,0.10158780149834996,0.670044750369714,0.7757379653669421,1.428361753226397,1.4446865041954946,1.9327417050261133,3.652565976514225,6.409162581502144,19.164640052242746,12.666121188695133,17.049411092231434,22.17850292646813,10.6799764737182,1.8464592289449844
T17_06.jpg T=45,0.2857570063656815,1.3399393223732452,1.8489650223118148,3.2388352373601514,3.1448473032220137,3.8300245205945336,4.521708702648075,6.5344392280905215,15.751406417302555,7.570092333088312,14.006017875646052,23.98270930338606,11.916089466443074,2.029168261167911
T24_10.jpg T=45,1.5677318871760333,5.555207730051483,3.9748887459023963,7.501160280527007,3.4311163758394234,4.658933638421507,5.33159190083015,3.2249717907801227,7.624340666076425,5.197340873296472,15.525199251752193,21.573872243893565,12.494172845601538,2.3394717698516816
T17_07.jpg T=45,0.2446385741927519,1.6927597622075563,1.954617855926704,3.48272336580639,3.32048517706936,3.981611541880924,6.106390311334287,6.37805624668677,14.380216501414475,6.959066697063056,12.855781763021653,23.944353487528552,12.988790289180994,1.7105084266865274
T01_10.jpg T=45,1.55459555173332,5.857381631633213,6.343578417990942,7.986342541693145,3.5862639334647533,4.71844220071636,5.1286410772706885,3.8456844362969993,5.917854336691178,3.7858386040127314,14.552715302514715,19.419932691566018,14.225476453055856,3.0772528213600765
T23_10.jpg T=45,0.2100326410780391,1.008271330088991,0.9828381159521282,2.633103328121793,1.7741952832728023,3.4409682801794643,5.873724385713374,5.2784396277187895,17.909763006177545,9.178743214497509,12.238986180905357,23.91424984312201,13.578584027232484,1.9781007359397225
T18_04.jpg T=45,0.13969654766721532,0.9612729975282986,1.3142467675445977,2.608997286170108,2.6749563849600917,3.4207945008492904,5.744356110695287,6.629043508670575,16.86862996454454,7.977712304961767,14.014810287438204,23.011702888747692,12.356436026058386,2.2773444241639527
T10_19.jpg T=45,2.8809920729209817,6.805335369259478,4.774474069056893,7.035642818319126,3.6941286989296898,4.2938014554608,4.457855633025244,3.520413012262632,6.295627020246059,4.835258973809879,12.048989564393807,20.26876823417404,15.526502251717096,3.5622108264242844
T10_14.jpg T=45,0.8568280971932382,3.4370951010292585,4.314722069281416,6.359997847342548,3.3026361262825885,4.903012555271746,6.076554790534519,5.178907911080027,8.848159214431577,5.418160211604223,14.122381849249473,21.101275622391466,13.553983772740608,2.526284831567305
T16_08.jpg T=45,0.2419620309535676,1.2358548701063323,1.9523958927783445,3.5883709565597965,3.4718817199520706,4.13012347521515,6.275914464572638,6.521624780019254,13.439312957411866,7.263565828264586,15.407644845110786,22.929345411521226,11.691303230902324,1.8506995366320669
T04_08.jpg T=45,0.16243256730468986,0.8283726959830255,1.2831870465369797,2.4175240589291556,2.454308614510082,3.153709587385922,5.410583602243404,6.5235419382868525,18.063325453038626,8.312879055098268,15.698427611514365,22.281885446828696,11.504507286408215,1.9053150359317403
T08_12.jpg T=45,0.301930891947349,2.010682433507867,2.1681127207157997,3.7331733155277633,3.484192957570745,4.072792223342725,6.087145563567213,6.198048297776962,13.488562224533947,6.664563578370219,16.414780913205348,22.064947279778167,11.229597717924738,2.08146988223115
T04_12.jpg T=45,0.44359954718883615,2.8954309313143933,3.0656644059862037,6.162628010348383,4.201418935791351,4.441985747171193,5.910661022371802,6.657222551493199,9.774943823684252,5.440162196797494,12.116784159768493,20.70172479843129,15.04961344047879,3.138160429174324
T07_12.jpg T=45,0.2910906559000545,1.280968877203798,1.946920144505618,2.8240180695165304,3.75147484575716,4.524081253914494,5.206096955618854,7.262649109891165,14.638907007509928,6.913976480079273,12.62391233766084,21.726400937387368,13.142368155257454,3.867135169797464
T18_02.jpg T=45,1.6391916576522096,3.925254920878448,6.489021660756582,6.170651980701708,5.61476489460793,3.3579134125003725,5.674050333471554,3.3632981449287893,6.903924770023286,4.950807955339295,15.891786972582624,20.736052346340074,12.755721716101734,2.5275592341153894
T13_04.jpg T=45,0.42885218917567264,1.9424164497299108,2.8656433355500632,4.925312913549924,2.951349487178625,4.9093298033741934,6.826064603504692,6.430685991450478,11.587169256148815,5.826883316485798,10.093276232733674,25.192694621567988,13.407296788667276,2.613025010882893
T25_09.jpg T=45,0.5931729288041899,2.494582859290236,3.2498872621138055,3.8996509281923317,4.4731152712151125,4.813735203661718,4.91078880852595,6.1020904486105865,11.353279279411854,6.4354123974737805,13.668943843965366,21.826601928840326,13.972237859584308,2.206500980310424
T22_11.jpg T=45,0.25234642708589683,1.1923060983522682,1.6575479085834381,2.1861494697323933,2.8556761656473992,3.5763503696312515,4.422504018107087,6.7822440724199335,16.465370690202633,8.876965665093591,15.282816124016671,23.16814824332069,10.674369011531224,2.6072057362755165
T15_12.jpg T=45,0.07991026087746,0.2935488065559341,0.3086055994551588,0.8752746965330291,0.7410590131500446,0.9292342677962092,1.6492053689965875,3.0897593718742944,15.987491006700704,23.611644040171512,15.092439199218724,22.935405257503525,12.816772304717336,1.5896508064494947
T07_07.jpg T=45,1.3638514909228556,6.71282660886768,5.277863386908045,6.7498172434178265,4.6848032347045026,4.2204836975245685,4.783607543026942,3.761974124831314,6.77336655231449,4.545818457832472,11.01069133516242,23.81109927188601,13.343930749305143,2.9598663032957053
T17_09.jpg T=45,0.09723222849158764,0.5370937765191648,0.6103709180850957,1.5048532205212448,1.247775528708852,1.6834375502736758,3.26552257121863,5.897832299506731,20.339753666341625,12.98947645385362,14.575010087834842,22.665214448744308,12.158346610098354,2.428080639802276
T14_05.jpg T=45,0.17787089406600728,0.7526204318864584,0.8861928976999919,2.855370396912192,2.0186698249676627,3.9319292825287135,4.986557079920844,7.722590473989802,16.489589801074235,8.627349708091112,15.3716883995985,22.28712604555327,12.028266855814126,1.8641779078970817
T06_01.jpg T=45,0.0,5.641705476706626,6.6477701736666335,6.596734019415402,4.082709751417574,5.528716475706939,4.640194977406802,4.786079282005433,6.782399014437325,4.119053132288453,14.50518568166044,20.678335126865658,12.863355325088365,3.127761563334344
T02_11.jpg T=45,1.7272094082931435,6.1788157027668555,6.079612915052082,7.290097097714359,4.78624259765567,4.157756518619864,4.5791767628891975,3.5201162065327485,5.722388601416353,4.288542866836379,14.035682576531096,20.6953110402926,13.691680083394143,3.2473676220055085
T20_08.jpg T=45,1.1106699396562418,5.7759170179022785,4.90059963156593,6.550469940578724,4.665627008980295,4.29407495107854,4.9818650720237185,4.9569724781957145,6.944389847963843,4.607935242918803,14.568441218776373,22.306353661687755,11.441318695394079,2.8953652932776817
T08_11.jpg T=45,0.1174470298213435,0.6000530911195643,0.5989962085942344,1.097610633369977,1.1049048184367467,1.4665465935680642,2.802337653177696,5.23254205446132,19.421762267189266,15.765971884965047,14.551546369197473,20.735377489740106,13.696659195465836,2.808244710893333
T16_05.jpg T=45,1.257753928887721,4.709473453250864,5.255849792081798,6.932705733834482,3.3082521042734268,4.591276735178567,5.325605197676118,4.309704104139847,7.343977127582028,5.473867416730669,12.089754770528932,23.18700684520111,13.653628049757163,2.5611447408772574
T16_10.jpg T=45,0.10671394207304437,0.586525232478089,0.6414412779335879,1.1414783115834182,1.0754112766288138,1.3142391160066085,2.372292368773692,4.404871806217248,18.247721774438237,17.972630083388246,13.638235007708307,23.402184642949425,12.026206782013581,3.070048377807724
T25_01.jpg T=45,0.0,3.9743512833668304,5.073507152042947,5.539555147807425,3.804007731314423,5.623099560064971,5.231252008927563,4.504047028637659,9.395682248950584,5.4425261386013934,15.244929150194766,21.66083908122784,12.231328379184495,2.2748750896790937
T03_08.jpg T=45,0.0,2.7739035722279666,3.819487705198108,4.6242624405189785,5.170449206935053,3.6001060072939586,7.11201353436131,4.818786929725955,10.41441981600197,6.197190995749335,10.284964480708906,23.505814135155443,15.262519975168367,2.416081200954665
T21_15.jpg T=45,1.3163731349667158,4.776975067546667,3.6033198148809915,7.307017079610604,3.5376690595423548,4.957297434920913,4.4047860567133785,4.893460319470692,7.739071032721336,6.010622043692832,12.20611129542052,20.935107952816914,15.278307186417372,3.0338825212787057
T24_03.jpg T=45,0.0,0.9073950698763787,1.4931077261553012,2.2298652286508727,2.0960458166415132,4.1142598676240265,5.269044468162312,6.220540317792985,17.809905478962552,8.005964751290207,15.73566820549958,22.54928307364277,11.644404905825017,1.9245150898764944
T19_09.jpg T=45,0.8880897048025298,4.7015502767534265,4.180239280479073,7.290936483226769,4.359175239111739,4.190798173713973,5.038633828916333,5.19687930208949,7.603040602157023,5.355904478411781,14.297361732471217,21.200552078902977,12.730083812731893,2.9667550062317694
T16_01.jpg T=45,0.0,5.2336203718471594,6.141443315413631,6.182272977594472,5.813798283526717,3.538021483772517,6.0683985284684825,3.627215352662709,7.239147215933374,4.89980354959025,14.293759459869909,21.299358729925576,12.633530490769687,3.0296302406255133
T15_10.jpg T=45,0.355476364478826,1.7245965364841038,2.494388012101476,4.268881180948869,3.8753287043692985,4.3822286722189885,4.728580405946003,6.232670923366578,13.396825867481821,6.598057495750051,17.085319775606585,24.785139512346834,8.716885610127258,1.355620938773309
T06_02.jpg T=45,1.6261724471307892,5.975472082494375,6.300808198084093,7.787320935772008,3.4535049539713163,4.5108466327545225,4.972076797424573,3.8378312521661178,6.162008859985622,4.150764642737628,14.712783909357064,20.879077171354105,12.324423891895325,3.3069082248724757
T09_08.jpg T=45,1.974090883334304,5.132022474507678,5.521579771849459,6.761742194731977,3.8305519537891723,4.695210856490868,5.096874741630091,4.1166902834325,7.023155293317178,4.916561671628798,13.026522363995712,20.25192331436734,13.893537436660292,3.759536760264644
T06_13.jpg T=45,0.7193324533706491,2.963729496953972,3.8135633537057614,5.852327804179798,4.7176960868777895,4.759007885335992,6.045647875717036,5.2488948088202925,9.666675691687473,4.974634716440841,13.133500444959061,21.96600650164897,13.318974233841386,2.8200086464609737
T06_08.jpg T=45,0.4172873481604729,1.9134419310872184,2.7831796311475685,4.762924069155903,4.266600132275721,4.6623918400790085,6.401179547929896,5.969248584137977,11.708948657302349,5.910050548431666,14.486657048372107,23.478666441962552,10.953759034831307,2.2856651851262546
T01_03.jpg T=45,0.0,2.7965143058500646,4.0941931655443815,5.144887212945872,3.9094401478210843,6.154597398708056,5.9659426581895,6.869964252124864,9.771951801252658,4.338057497328869,12.84251840751774,21.16862858280214,13.924051768320416,3.0192528015943663
T11_08.jpg T=45,0.0,4.942597091148199,5.590181185036651,5.6165262365418425,5.34762451170812,3.318813209369852,5.920806230549992,3.713649307763587,8.012493481418643,5.955284608458759,15.478249885624914,22.362608414467026,12.032546669020126,1.7086191688922874
T06_10.jpg T=45,0.22071499954327128,1.101701343142412,1.0394802838379291,2.6030506179227664,1.6776667164351056,3.2176680244586886,5.568037703094348,5.1569825429945375,18.41423887673263,9.15581967846801,15.651351353808465,24.4860421106426,10.211268578618617,1.4959771703006297
T21_12.jpg T=45,0.191176311088532,1.0099383901909116,1.6551081181659877,2.298946970200164,3.08180385399964,3.866130299406398,4.725293844727823,7.116403339172415,16.246660603943962,8.091813229346082,14.854026117440664,23.647483108370785,11.707405231096955,1.5078105828496868
T18_10.jpg T=45,1.1163463146323824,3.2372352263006468,3.1949138202344,6.1598646710827545,3.9836151926656767,5.3819703144850175,5.112066563260892,5.5360797977504435,9.571436065588495,5.49484097231921,14.408926089456436,21.23328731964047,13.004012221803267,2.5654054307799083
T19_05.jpg T=45,0.2774451740841555,1.2734950191543142,2.0008306692016493,3.778580893803319,3.6721539442839903,4.346872792409651,6.487174121683973,6.541638144963702,13.943908300143793,6.5394538700425136,13.662536330840235,21.721995268622237,12.659860809298234,3.0940546614682254
T10_04.jpg T=45,0.35499004835905185,1.5551191801129745,1.6595889348914519,4.677677804110152,2.9666476118223173,5.150982839816347,5.6535540091770375,7.455950603098644,12.561479039188828,6.371912980641043,15.043722270848901,21.47913458055666,11.823003860951765,3.2462362364248234
T02_06.jpg T=45,0.3662496137651017,1.640930806428488,1.7227677932939265,4.773738142365684,3.0332251914990653,5.28972622062564,5.767972779535568,7.528090223828581,12.513404453755625,5.800587062452188,15.127769729564948,23.16557180189331,11.174995240072453,2.094970940919424
T14_10.jpg T=45,0.7396812443148657,3.0658562200149966,3.9640693554552326,5.9510637684682415,3.1579546806989427,4.774478512868359,6.063515361635102,5.2977637756071045,9.350863096056754,6.1117562666626215,14.302960011916554,22.807916786783505,12.179430703326435,2.232690216191287
T10_15.jpg T=45,1.3365724396900729,4.863345415038209,5.355122074848016,5.292743208857057,5.041148497508577,4.704049433091821,4.1751268003151045,4.579943312191327,7.7972675499762225,5.333046095328385,13.250299482331606,22.515729999230484,12.424709388517535,3.330896303075579
T01_07.jpg T=45,0.0,4.878939047960183,5.7252765988534575,5.811564091433692,5.56738738858702,3.4655562837592058,4.600263218189603,5.061105893251637,7.871830382985573,5.139804365119977,17.20254760521949,20.25500532655753,11.914053235770409,2.5066665623121938
T17_11.jpg T=45,0.4960756427417978,2.160128725496034,3.039482121147881,5.06282505738234,2.9256127343750578,4.756184255275394,6.512808605406178,6.07702729220417,11.210421321451683,6.255590058271152,14.429753512264993,23.199276981980766,11.458518910098679,2.4162947819038885
T17_04.jpg T=45,0.307310109128548,1.46060510039496,2.1675238586376966,3.857993190294351,2.424295999768983,4.264894147800462,6.446297516194417,6.7133610165324065,13.898202388489285,7.112524605232115,12.980921889829908,24.245817781611425,11.58266670624306,2.5375856898423867
T13_01.jpg T=45,0.0,4.046556367955951,3.44377770994758,5.7662104923204875,3.995317839057817,5.917630078604892,5.5131492802059725,4.708535389777696,8.895364073195818,5.985951655138463,15.002915697052474,21.459376115121547,12.640203178290596,2.625012123330704
T24_06.jpg T=45,0.4756309623435602,2.1074363409897034,3.0692154969176206,5.198816152286502,3.036883481770672,4.917627496532003,6.661681150956472,6.151142829540287,10.823725130825641,5.93707178954784,16.22163302934675,21.798796486608953,10.835303538512383,2.7650361138216275
T24_02.jpg T=45,1.181814189535924,4.4943433638716135,3.698559109107242,7.88571451939921,3.914456344470933,5.527801983538676,4.822538657384931,5.109124351160629,7.215947611916822,4.45317115554029,13.495647495500364,22.11066003205091,12.532890983620515,3.557330202901938
T20_03.jpg T=45,1.3729345979229843,5.191647674227254,5.711959355246052,7.402019790945617,5.159136080581936,4.651292164184618,3.9499127166371513,4.095179930049387,6.97115023641792,4.1738660435668375,14.756041482869522,20.24842130892,13.293829767701668,3.022608850729054
T02_07.jpg T=45,1.3825890168685249,5.140156180191716,7.3182478743773425,5.220158241878547,4.790023290679417,4.315447038994933,4.863296570170459,3.797156428485065,6.90868291811854,4.714083105822574,15.277007582320886,22.80022168577803,11.100017422423267,2.3729126438906967
T04_11.jpg T=45,0.9882305623232104,3.928156930367667,4.728508303036028,6.751448149060312,3.4020939376369173,4.909584310810287,5.8910719805703975,4.839208713237172,7.892622529323325,5.0642297267009315,14.138329770118608,22.258371714004717,12.252488555830256,2.9556548169801804
T25_06.jpg T=45,1.4875382650995583,5.42806869891547,4.180948319440467,8.172359644500062,3.785667842338552,5.134428717787208,4.354809770591202,4.569628618807655,6.7358122870654595,4.500485959885179,15.331100107238871,20.236116606453628,13.02298846469413,3.0600466971825564
T22_02.jpg T=45,0.0,2.20520286832426,3.273413566239209,4.188300873251383,3.307244251260172,5.459509923543291,5.70849999788303,5.431378384772192,12.351465250119565,6.438308442140666,14.114768548308131,22.480340829795466,13.068855095735238,1.9727119686274064
T15_02.jpg T=45,0.0,5.493130746243649,6.105705567342971,5.985860300895086,3.743101707315883,5.161110629385523,4.503521515493406,4.887141380079846,7.646581107223732,5.1770273974246255,13.382492146644926,24.643071242841874,11.474728274886198,1.796527984222301
T23_03.jpg T=45,1.3740177698644451,5.023007247295639,3.962117066181024,7.87839624416301,3.7019248057030345,5.122992094086719,4.431444677947164,4.728186852004563,7.263428626617044,5.034894972451354,16.682358976894232,22.845554264657522,9.49372518173033,2.457951220403915
T12_17.jpg T=45,0.1901993849015028,1.1698922567642676,1.335581936086256,2.489929608782466,2.502240200101592,3.1735630969912325,5.330361877549764,6.25670634220741,16.755632633842467,8.942629021667884,12.518530774710548,22.135986359752003,14.653422368181953,2.545324138460662
T08_03.jpg T=45,0.9988393279279996,3.9893488304755262,6.2754083558298905,4.944533760210165,4.94367404324787,4.696785363661896,5.5360763979015175,4.451070855095045,7.825905393627949,4.69260621794639,16.015744897825872,21.619993880423934,11.174929929723847,2.835082746102084
T05_11.jpg T=45,1.072752105718523,4.264447426434128,5.005204471892012,5.284483029692078,5.2878867975478245,5.072637727119086,6.052064199388666,3.689053555328024,7.898562019266089,4.7844796437926105,12.97959444067226,22.3443278026189,13.578121047637815,2.6863857328919782
T18_06.jpg T=45,1.2064295289220528,5.996095448351781,4.8838692675687145,6.334594701855512,3.008641558792062,4.1986912541404156,4.920861188945551,5.002184795511472,7.02531454927005,5.796656563141129,12.647771037364675,22.80304154127523,13.706944861303835,2.4689037035575137
T16_07.jpg T=45,1.0112667791565226,3.882860008452383,3.233170289830273,7.044145393927032,3.610610188380587,5.244491505811945,4.761454798007675,5.3607786589023485,8.30383667197665,5.695080258704697,15.48400842307692,22.14328244583827,11.811707236829676,2.4133073411050208
T09_12.jpg T=45,0.4860449054610948,2.1806403553264366,3.1370116071483145,5.1418663233267266,2.961513891458424,4.789873813793926,6.532309894768595,6.0970014404566575,11.193867138853047,6.078084250136177,14.233624222366213,21.875481220645213,13.055471918170813,2.237209018088373
T24_14.jpg T=45,1.3643407090014734,5.16766685025812,5.592528289221388,7.290349368434553,3.4696987866988334,4.781112913658089,5.478398220697101,4.337511801764461,6.829929186202401,4.469449773664384,11.37036795294118,21.778198045888864,14.968464790673952,3.1019833108952013
T23_06.jpg T=45,1.069373673521504,4.193601404169923,5.046655006287418,5.319644606796505,5.303379386129417,5.062174768868674,4.513266243408749,4.9095758702292365,8.011821726555736,4.911485735065141,15.623934511842663,20.897272372658595,12.72595324690643,2.411861447560003
T17_05.jpg T=45,0.14064578968185396,0.6136112659292221,1.1783596123491944,2.457296142477804,1.7292931600462598,3.377367522475049,5.842614252192553,7.026130386094903,17.441653394939294,8.605234039056253,15.017086757000936,22.726461630314738,11.667016934751846,2.1772291126901067
T08_04.jpg T=45,0.7929010507552826,3.2552282545645643,2.9732900986773507,6.9710257693568085,3.786125359430668,5.7385386794162905,5.385000657756424,6.082286951960647,8.785086242050838,4.687434459904622,16.294561631999063,21.94137544813579,11.066112676799223,2.2410327191924164
T11_01.jpg T=45,0.5902593193417361,2.405070613345948,2.3510110339023065,6.064989827135428,3.548401919535068,5.722592305786735,5.735822393492374,6.8562603845295405,10.202326979680793,4.956856718214248,14.333623847570793,20.727530218298774,13.142704630468225,3.362549808698038
T24_07.jpg T=45,0.5864375487138971,2.4771375892914707,3.4618693587620486,5.697009946590128,3.2387233129001234,5.0836092019719885,6.651756830781947,5.94174795149579,10.172259538827412,5.38580257333349,15.242404581883836,21.510755584983396,12.186762752740748,2.3637232277237405
T18_11.jpg T=45,0.5159775064123253,3.0679306861700515,3.8205051761892963,4.529390866832479,3.828430636561765,5.3427092895344455,5.28306017677042,5.984790642169423,10.150201666474533,5.9087193497194885,15.03617797847764,22.51685092493889,11.379713561292787,2.6355415384564482
T07_06.jpg T=45,1.4752519633753676,5.460691888921801,5.789032195333984,7.2628875712015315,4.937316119949059,4.385003468674696,4.8854931764656016,3.79491467356082,6.190179535715061,4.5413957856618605,14.649352112916741,20.734942560539363,13.14119753892515,2.7523414087589675
T05_04.jpg T=45,1.5151184939465638,5.410877670019828,5.5123227401599975,6.810309170976518,4.579918293260552,4.08133391132489,4.65785578982826,3.7695132436271472,7.2646160154671025,4.911610450213511,13.403132394419579,20.182629234926985,14.5972406795015,3.3035219123275583
T18_12.jpg T=45,1.2934635143057749,6.307434223033267,4.885011662287694,6.164909377194854,4.256283253318965,3.8550725412558866,4.468199573019604,4.595670981367923,7.069151230441164,5.534012829432751,14.244547725707436,21.36219772447088,13.321142821033726,2.6429025431300803
T13_12.jpg T=45,0.2826230905744708,1.8733005545044927,2.0951584589943675,3.732589604064529,3.5332566810924235,4.120066791571301,6.155788078883963,6.230276321159242,14.24907944774879,6.284095670346763,13.782814439729496,21.194966809776545,14.037076163297696,2.4289078882559103
T15_04.jpg T=45,0.9319877092975161,3.806085308599685,4.858143348301294,5.337366766464951,5.470510456604576,5.3558471884847565,4.883042860816263,5.3651140799632255,8.4092639383345,4.4069261114421705,14.148560569721308,21.621988740642735,12.111691489966258,3.2934714313607683
T12_12.jpg T=45,0.1300155345571265,0.8094433184093754,1.175798132469121,1.6562152759477886,1.7182676238380163,2.2904576741651894,5.2511431090938485,5.5077930620527695,19.08150580698529,10.82054424347766,13.91956389936109,23.302711165475625,12.442242144205046,1.8942990099620487
T13_06.jpg T=45,0.9918811790812752,3.883766270978697,4.7094017796791565,6.630780682679334,4.911225206351854,4.650813566470758,5.542957098884295,4.556318919602617,8.078289608327642,4.811340237583708,15.092926021249626,21.563022092066088,11.868678197504153,2.7085991395407816
T01_09.jpg T=45,1.3736875908665034,6.923115980061496,5.771821380310605,7.435540483901305,3.413052919684324,6.028234961621835,3.712795313127927,4.647539648002528,6.016065654508478,3.6317246931517935,12.324696496995076,19.674626965621872,15.104421843788588,3.942676068357672
T13_10.jpg T=45,0.0884509317950443,0.4873011083525285,0.5693822645573481,1.327892121748321,0.9964709447797124,1.2331022397992175,2.3016031167933138,4.392147774322977,18.13354839900628,18.646766316554025,14.88158104413406,23.576263244652306,10.665458960881386,2.70003153262348
T11_11.jpg T=45,1.4151485949866789,5.1761249017833695,5.634209585493357,5.441825117839136,5.088465487850499,3.1006270808915017,5.389635850254326,4.409969477038357,7.0023701312080595,5.575029366508578,15.281775807171321,21.38675897425843,12.974436499754761,2.1236231249616218
T03_07.jpg T=45,0.0,4.657207122243796,5.366243435752164,5.51083953241407,5.396276989398483,3.4504105717065623,4.716906865208699,5.315244867019605,8.544562609559073,5.7099306802694265,11.543576969647448,22.036055034885912,15.24855539330171,2.5041899285930502
T03_06.jpg T=45,1.2239727075157358,4.596250090518306,3.533372579461188,7.2042761762227645,3.521763850563877,4.995702119100369,5.944352414422758,3.6769890146037567,8.278557918838471,5.0666435895273425,14.51166841799724,22.268850749586875,12.297389036767983,2.8802113348733487
T09_13.jpg T=45,0.9164393678022767,4.9853393602287195,4.315316587453906,6.0145996235787536,4.5113422556623615,4.337686224186643,6.518552626195129,4.299017516054766,7.732803543968925,4.804327399750685,12.698349768064872,21.818776222555517,14.554259497934316,2.4931900065631227
T19_04.jpg T=45,1.2436693251417132,6.404883671347128,5.27406998102445,6.72998474917985,4.682402374568107,4.246901525471845,4.8234054980844405,3.791154076504984,6.661993117804999,4.625538451616047,13.652180887779355,21.16651909809676,13.373520865677488,3.3237763777028264
T16_12.jpg T=45,0.1357368852709216,0.8727838832632678,0.9638367206882424,1.710317813763186,1.1430311650706844,2.2952713547579155,4.270326930607712,7.165658660296312,17.857899198222267,11.92945353369223,14.771169231929605,22.040260081668,12.858067238644905,1.986187302124772
T10_05.jpg T=45,0.3119594275981717,2.0448660578226883,2.9844190933747097,3.922040259358496,3.6278160835987365,4.116549495334923,7.351857245347151,5.710420534138128,12.407808563669946,6.045445432828307,13.353196272477975,22.915075893278715,12.325092349508186,2.8834532916638564
T09_14.jpg T=45,1.242148053553437,4.7456142374077,5.404087153008993,5.46248703686265,5.234311272905009,4.889975678977933,4.319245114920666,4.679757222984242,7.625578812213397,4.8734659979284505,12.455092321516616,22.15145822908685,14.160054275190994,2.7567245934430487
T02_09.jpg T=45,0.2151779549581333,0.8977501332253794,1.287174703435792,2.5583711456950566,2.719371494276861,3.5161889683104066,5.885215108096548,6.805121882453076,15.995913090207472,8.159902001397086,13.602106341799953,21.331142529125326,13.558426136934084,3.4681385100848168
T10_01.jpg T=45,1.4137713811027697,5.16840596940728,5.503186341183095,7.066453616273407,3.289073393592925,4.480438722152326,5.138975361236038,4.13986459172365,7.116344361170138,5.093830772022995,13.920952441539258,21.326027260675254,13.63491987268915,2.7077559152317137
T05_02.jpg T=45,1.5058325393921812,5.564096255864151,6.0775694568887815,5.7765144946683336,5.22879397951992,4.668030732588608,3.939687215422304,4.142080794946347,6.8383173117981135,4.5706204443600935,17.459636654034902,21.376373202566853,10.230647088240405,2.6217998297090173
T21_04.jpg T=45,0.0,6.0949336552860345,6.744613266416472,6.299980715742192,3.8268877899295877,5.172074873599219,4.398145296522137,3.516309334878321,7.295163659324294,4.898851023384012,14.863910334232607,20.749227129118253,13.087708616290412,3.052194305276461
T04_03.jpg T=45,1.2903280143585136,5.061240002501163,5.874047179468214,7.792974210600284,3.6624093930290473,4.98173392100267,5.563707074398314,4.2380641610986265,6.346711560403709,3.9214979677545214,15.164095095058286,21.118421876763023,11.537308862290578,3.447460681273057
T07_03.jpg T=45,1.045635915618454,4.05740648947563,3.296635804683352,7.055671202196376,3.59706148055368,5.248008157728302,4.793626874085684,5.375102252848195,8.240774004083198,5.620969432951932,14.246371741821955,22.002049853018022,12.761870793738662,2.65881599719654
T17_08.jpg T=45,0.0,5.584750959810396,6.261514884771072,6.067711582707673,5.606623341740747,3.398876229579543,4.400793786633074,4.7443956540424965,7.4138304843047225,5.0577816792308345,15.389317753223246,21.548361853529347,12.193575215949053,2.3324665744778006
T22_10.jpg T=45,0.0,0.6015879163116379,0.5534522365682432,0.9564643531544876,1.0510692339764622,0.7828557004673726,1.4150934914396232,1.940275008039156,13.817418063583474,24.5870141292632,14.70906840763266,25.74406662219061,11.367389435955124,2.4742454014179494
T13_02.jpg T=45,1.7690576793832395,6.2897035772240635,4.509185721778196,8.318913762280383,3.6980929746416544,4.899262254862631,4.10821989686893,4.270710835290916,6.360767483568064,4.512064120183664,15.755834021936831,20.852387831306775,11.960984149159069,2.694815691515596
T24_13.jpg T=45,0.3822051566952691,1.6694112710033542,2.5629410209065298,3.4578290919205354,4.312149312291461,3.2970828005792803,7.1478394357115285,7.011935150897063,12.072853190034232,6.694481917918936,13.557344777175524,21.326634820906552,13.501884592850725,3.0054074611089985
T10_10.jpg T=45,0.336521187147462,1.5778392932601997,2.3758917930189267,4.242331213109631,3.8880670024606734,4.382649754717212,6.26424294546085,6.087749636139496,12.831764814243044,6.739376868013292,14.216091776127719,21.24675614352763,13.336390749720838,2.4743268230530138
T16_17.jpg T=45,0.3327964331080787,0.8290971630393881,1.600298966385775,2.214271980962061,3.0226757788807284,2.8896666982874737,6.0384746357851125,5.6109111944307175,17.31550253315714,8.561930069472119,12.842854163896432,22.31349443165012,13.77495208953321,2.653073861411636
T14_12.jpg T=45,0.4532763184749825,1.9796858418583072,2.9579735923821735,5.100579493762041,3.0182292181637047,4.92458484798382,6.737818896977612,6.2743675725203385,11.157246113722536,5.78414209091794,13.347135430953912,20.59895279364272,14.623134477999626,3.0428733106402888
T11_09.jpg T=45,1.1895926934307846,4.3827283084556985,3.618070434089172,7.6849617249287805,3.800777340056964,5.417463017363466,4.797000755768159,5.1675565216356425,7.581610217887268,4.679058297704949,14.715088930850664,20.940002641748144,12.423601363969018,3.6024877521112706
T09_10.jpg T=45,0.16485151946882284,1.048568120689395,1.1623715210512733,2.242975387452306,2.3005912151703867,3.9679471348160433,5.1298113650525305,6.164964479773523,18.04085654912448,8.456222258262116,13.050571613598535,21.103031949651864,14.225003133431175,2.942233752457561
T12_03.jpg T=45,1.6803018174071866,6.141100552815873,4.500287627034632,8.453518422756643,3.8049433176840246,5.038572505999405,4.183323577503115,4.294738451574395,6.097335923115804,4.34551115388876,15.470671304566816,20.969948549999106,12.484793539744908,2.5349532559093446
T17_01.jpg T=45,1.604842941738842,5.701949192492894,4.136386323778408,7.8181843281732695,3.5863176163699544,4.844540186660288,4.141500304933564,4.472411501394923,7.048708562084228,5.152640496714447,15.57639704115839,20.875892867406574,12.389390086399276,2.650838550694958
T17_12.jpg T=45,1.3949097039788474,5.0159400899531885,5.393244105910681,6.970084328245312,3.270851463778348,4.480264740486303,5.182003579806795,4.222571020353621,7.375139996438977,5.296100725906193,11.251297988320887,23.916816249381704,13.46291928146203,2.767856725977099
