Image name,0 mm,0.063 mm,0.125 mm,0.180 mm,0.250 mm,0.300 mm,0.355 mm,0.425 mm,0.500 mm,0.710 mm,1 mm,2 mm,4 mm,8 mm
T19_01.jpg T=135,0.0,6.753746764897961,7.276513205789797,6.6341726796735525,3.957994598696323,5.236351194799726,4.327176649795525,3.3534689465751084,6.681615364075104,4.384514571980818,15.020414604004756,21.386425197022998,12.369957189723364,2.6176490329649695
T06_11.jpg T=135,0.2233414051995327,1.1513158909113799,1.6849673611433376,3.077458851425011,3.035793637656002,3.7450159046926634,6.004395486885092,6.586595057388332,15.7387468103757,7.629254923537626,12.993008224878563,22.00768736778891,13.267279604911213,2.8551394732066293
T19_07.jpg T=135,1.639937537446827,6.000905580571889,6.271191489634743,7.566471302041945,3.3546759266652963,4.428964983913776,4.912544402222126,3.8376352903259283,6.313587916699354,4.446332233533691,14.381886912883255,20.669468509824842,12.475623457221014,3.7007744570153047
T18_08.jpg T=135,1.3729661528576984,6.655690305583247,4.981588282305272,7.662222629390349,4.187812016183291,3.7255595845699134,4.148774383607382,4.094826156371988,6.7099883131890135,4.864537028314656,14.122287345089099,21.8602563622176,12.971249195035453,2.642242245285041
T25_05.jpg T=135,1.486261329441377,7.2040252249370536,5.5059964537531485,6.72988114938784,3.0246690379404835,4.00656285015571,4.480842484897252,4.442981618916464,6.251820553804829,5.291710187784809,13.803087084687164,20.08781350480963,14.564801539357012,3.119546980127227
T11_03.jpg T=135,0.9564577795834968,3.8051325556364013,4.626698661982253,4.975264291110995,5.104438340749256,5.0058649474976615,4.594336660766023,5.166357312196195,8.785362874646232,5.374821474278148,15.74000903185055,23.528767698442287,10.270460214680078,2.066028156580439
T19_03.jpg T=135,1.3380588725964029,6.747218587976941,5.246974049707519,8.114667122646825,4.356486590204072,3.852570996614349,4.308256267857295,4.185547244682476,5.95769046903001,4.569505993582264,14.576744744845344,21.295231658564493,12.499042885319696,2.9520045163723165
T08_05.jpg T=135,0.7840980570097855,4.4065757638838745,4.199009810518524,6.145471157592629,4.7773203230915176,4.704314810576398,5.750924774975908,4.756289533574457,8.311509435938097,4.907222794482412,14.574994535309632,22.07214030598599,12.316645842709207,2.2934828543515686
T12_06.jpg T=135,1.5102901885200806,5.337482221184521,3.878032689535784,7.475230288750002,3.4773487064228066,4.760951568279954,4.121382934883137,4.501504128623638,7.2720636587869425,5.685443966502361,16.218761882805598,22.78307266561357,10.320209905141253,2.6582251949503406
T25_03.jpg T=135,1.0642133708288073,4.144674330929773,4.702320859433998,6.416121917563464,4.723036923189564,4.466529199664731,5.347362455659899,4.441985811337403,8.22976959215646,5.3375644194843845,13.443686049246454,21.03423826876161,13.776207956663491,2.8722888450799537
T01_11.jpg T=135,0.0,4.423049573675679,5.328803698519763,5.611171002606889,3.767956114318189,5.49082822827637,5.009985440391231,4.21688486857806,8.83376505595032,5.596585244307083,14.831303086327784,23.98052444482049,10.551747323811718,2.3573959184164206
T07_05.jpg T=135,1.429639065972064,5.399699555987534,5.795478487387703,7.310737245631738,4.96592928096946,4.438948283113534,4.987863253202235,3.874543757660956,6.121360566362813,4.237190168776592,14.520593723995564,21.8648936796878,12.068648133586814,2.9844747976651904
T14_01.jpg T=135,1.6408807468519513,5.966848014143619,4.449721532287988,8.416892885043307,3.811636290751351,5.111921768508966,4.284480523180082,4.4365736336878525,6.336154450566743,4.261928995580899,16.11755233567252,21.248971850838693,11.648185899322215,2.268251073563804
T20_01.jpg T=135,1.4918969296975255,5.6786030996911325,6.3823409019670425,6.226182911210665,5.79019396413019,3.4660858015125777,5.766652292226487,4.373449248250255,5.888484132506372,3.966995647212385,15.266667239664535,21.08815468409632,12.063339062321957,2.550954085512553
T24_08.jpg T=135,0.15097917945101347,0.7262774581060714,0.6497246855961383,1.4821744669359678,0.8603808277789902,1.600654952273359,2.2089944707553832,4.378744944665107,18.215427286718885,17.495464499030987,14.819120471580774,23.46615246750245,12.480580221545182,1.4653240680596746
T08_02.jpg T=135,1.4223739884412303,5.329574559366229,6.157462528443087,6.121908129346635,5.71946625498024,3.4502395195045383,5.812954141661905,4.4898557499760186,6.226551543524892,4.118954010194184,15.190209471179314,20.822620818587183,12.462576433862619,2.6752528509319187
T03_04.jpg T=135,0.0,0.8499561119857548,1.0906246522676906,1.2076098750557351,0.9132117481158402,1.6771551731037908,2.3313551561471995,3.4822545356328236,19.079966735426453,17.449999326554995,11.639798346467552,25.13100762738419,13.424932618297625,1.7221280935603342
T23_02.jpg T=135,1.6095915707221904,5.892836822590889,6.2037095509628255,5.734358307837409,5.131470590022,4.524911044407928,5.039985360808528,2.9428951536244266,6.447978030062322,4.6089678554186495,16.565956053372982,22.76606196838892,10.135340376814273,2.3959373149666607
T08_07.jpg T=135,0.21687164399256084,1.529459946306832,2.309233907966481,3.2096427341871037,3.08558423428343,4.877541877673343,5.563075930863619,7.2511437042182685,13.906673633419967,6.781995949368824,12.937639430078473,23.830668060135714,12.434940512645195,2.0655284348601777
T04_01.jpg T=135,1.6517643112259548,6.083230537245097,6.382082772585199,7.911173906935872,3.5247624503363184,4.618258851561486,5.034519372628533,3.781421412065328,5.764492176124223,3.8375024090916368,13.763214342074955,20.943506961252336,13.130983853879965,3.5730866429931027
T23_04.jpg T=135,1.2882704143043795,4.738624783646447,5.137178290759318,6.643956171182857,4.665974188940881,4.2951930384506944,3.755176386190636,4.117401521856468,8.047910681230563,5.534806809272375,15.805316322550988,22.06567630087833,11.45014959969532,2.4543654910407406
T25_08.jpg T=135,0.1901442339914613,0.8943920802194645,1.0697960259896957,3.2435047054960684,2.221746572393448,4.217768463248049,5.1905645610897935,7.813475311414366,15.952555887398074,7.599818163156577,16.17408047098422,22.89853741029268,10.663442072409877,1.8701740419162376
T24_05.jpg T=135,1.0425422410830756,4.1261679541848455,3.424120005361776,7.302942076444242,3.6776384006678597,5.301451289828137,6.3721049944937285,3.951420641130348,8.609973860342373,4.811554413746201,14.402814378929856,22.54355059180725,12.093127133857285,2.3405920181230084
T25_02.jpg T=135,0.8379679351300615,3.3456094772368012,5.3858302972013865,4.3949601485780905,4.566504812676621,4.502778058820298,5.5664569413416265,4.768563309091013,9.128638820849122,5.716503971890493,15.234636668172062,22.360389847339707,11.686437181486795,2.5047225301859206
T12_07.jpg T=135,1.641436806689094,5.930780785424345,5.944867575700289,7.065700771552688,4.690461923814602,4.125114741881677,4.568507677302595,3.5542105350494824,6.564746631978324,4.537979905296406,12.705169914591002,20.54690188883495,14.2362677408258,3.8878531010587456
T14_13.jpg T=135,1.2482763444323033,6.323497712875677,5.068800763097412,6.560647710337461,4.650249208654044,4.263382707881806,4.862334735080599,3.842518207590188,6.94163916132181,4.968892147047913,14.406890677218804,20.77229867466385,13.0777116123299,3.012860337468236
T15_05.jpg T=135,1.4888035738085723,5.582404753234596,5.821298931035128,7.1554539777186905,4.818585381030259,4.251295445226448,4.730359892831568,3.708736235603156,6.791657673574789,4.547531512633161,15.762001373018212,22.25779848894096,10.352265197334424,2.7318075640100377
T10_07.jpg T=135,1.4737299158257835,7.280639327535875,5.512885256445914,6.783499544646928,4.5069819724693785,3.965625724380096,4.430740701237534,3.4788208775879537,6.353734044290223,4.8031725292255585,14.219970946130948,21.0240576659498,13.097868166263769,3.0682733280102474
T01_08.jpg T=135,0.0,6.659489191256304,4.947663069427079,9.352605174046527,4.247441208978395,3.7814056295919447,4.726242259603362,4.826958171842003,6.131489822000329,4.259769509929557,15.545345926537138,22.36420118745375,10.662436101522767,2.4949527478108235
T11_06.jpg T=135,0.7734877175173579,3.3265973399145414,4.247237446641198,6.306771547195692,4.961510788635679,4.9152989052941365,6.0483408238335015,5.0559576801146635,8.221598871168638,4.953100573969182,17.102514445076963,22.0788615545686,9.748916831848707,2.259805474221148
T23_09.jpg T=135,0.5761378228633663,2.484328779909021,2.3966024026551165,5.91710767014348,3.3351217730788854,5.303907585729788,5.3307723102920415,6.514510134126314,10.477012988434426,5.9160311459277,17.41029312581944,23.157325316856546,9.719849146395381,1.4609997977684908
T11_10.jpg T=135,1.1507772492798818,4.338768826647397,3.4933815039813765,7.28091486712488,3.5683051058893813,5.047983236513609,6.018690592239691,3.749722080275453,8.499207836090669,5.115090266855833,14.466603152464323,22.300347400320206,12.231338583942804,2.7388692983744884
T11_12.jpg T=135,0.4770412432721218,2.149657426674436,3.136137107421672,5.276373658159104,3.081709831657238,5.029151987658598,6.825311646113898,6.238251148035678,10.842014672436347,5.4961620287787785,13.630031279288799,22.18025244821466,12.589478076590913,3.0484274456977607
T16_04.jpg T=135,0.0,2.8783266121606057,3.898126377801371,4.660634290076592,5.188878253644759,3.6277419026342685,5.397179572374394,6.528158237368754,10.54374732493199,5.778739335955268,15.375577484509225,21.841792382465744,11.893847739593197,2.387250486483813
T17_03.jpg T=135,0.3009038697958243,1.4648863995845045,2.2254539270986333,4.005746232218391,2.5186041664183896,4.3992517490678384,6.550518131593548,6.715482958376554,13.527851765661955,6.779816010103615,15.660627505185547,22.72567053411609,10.443827590158136,2.6813591606209664
T09_01.jpg T=135,1.8046637851648808,6.462755780108032,4.533318747821086,8.261188429418164,3.652852615384096,4.810820603783959,3.964027114311376,4.045723643151273,6.628131906248868,4.2901555269903415,15.342103180629769,20.331760064006275,12.429721619395002,3.4427769835868722
T16_13.jpg T=135,0.11082848173741396,0.7404779400675159,0.8340518554893637,1.5669790949318807,1.6445991710962642,2.2185345860879258,4.088801928549177,6.8334392963147845,18.64581356111721,11.507315517983384,17.723762354800495,23.47721199121252,8.756898905201975,1.85128531541008
T17_06.jpg T=135,0.2495842575651436,1.2377379320006583,1.75191883648577,3.0859962455911605,3.0129470654212933,3.7129493684347694,4.472842973020449,6.640801996317894,16.454652650528594,7.6900129598261415,13.748849410550775,22.034419483655647,13.914848886260474,1.9924379343412464
T24_10.jpg T=135,1.5379261625819092,5.487091606793275,3.978358020198983,7.573817467765392,3.4701551369169046,4.702464707165063,5.374034534412391,3.256884699770928,7.601855260593988,5.166016506596959,16.49239297453403,22.110488092999255,10.909428678039406,2.3390861516315224
T17_07.jpg T=135,0.2158324460793102,1.5610942227436346,1.7950506614078032,3.246856407658444,3.14571348086684,3.8188975943873085,6.0018820310308705,6.441298866553789,15.013670533673015,7.13471776145054,14.37047357508599,22.30754841073234,12.890374620798278,2.056589387531828
T01_10.jpg T=135,1.574582004911538,5.893067883350303,6.3532872404760345,8.035948207705799,3.6482899120587184,4.797973859099846,5.166619970366725,3.833345980792098,5.7581041783205125,3.6294970412631775,13.972260859738874,20.44941266218521,13.630769194311554,3.2568410054195898
T23_10.jpg T=135,0.17504686228249788,0.8706582174814499,0.8176528579587012,2.0982479014926314,1.3892456658784105,2.749232578951236,4.96973396467117,4.871865530653446,19.550808246996628,10.741857503243976,14.213880130184398,23.50443269997957,12.020683241093035,2.026654599132837
T18_04.jpg T=135,0.2577949696385068,1.7403116931334188,2.013997981686164,3.725577726188958,3.5817240093593945,4.199669108918477,6.236580900645949,6.3061276291801125,13.622000216375413,6.59017045862174,14.648723330312825,23.522940584151417,11.197796267758827,2.3565851240287987
T10_19.jpg T=135,2.736921913857876,6.828577661723517,4.8552732846667785,7.0925951102634075,3.757993044488568,4.405041087659117,4.5600854889239315,3.5561531435244773,6.172374211754081,4.707116117634229,10.807977685671368,20.91921639360766,15.831302464450125,3.7693723917748656
T10_14.jpg T=135,0.8675703537637427,3.5318494210469518,4.358896602674025,6.390636366591659,3.3518160005887503,4.953708110841512,6.101112695605023,5.167454534975327,8.628841069318037,5.281213330118021,15.027681734075713,22.41974222910022,11.388169391676184,2.531308159624845
T16_08.jpg T=135,0.3092327134625806,1.5371165966224003,2.267614468105512,3.9864482434772768,3.738693317935906,4.32930350686386,6.3526043495359215,6.361175378171816,12.504824242817412,6.938641823787595,16.31276835625773,22.93853056634234,10.51991787977857,1.9031285568410763
T04_08.jpg T=135,0.16787146946134113,0.8396585809591486,1.3093047020032331,2.4994691594191427,2.562509247072522,3.315498147054869,5.629346061012031,6.607916411354144,17.512024747918286,8.062893068334521,15.577255739397645,21.873365532312327,11.57101081285132,2.4718763208494834
T08_12.jpg T=135,0.3337198378493034,2.1885500067298844,2.3021485932589374,3.97938619521904,3.691075288031272,4.222331591170294,6.156484359751,6.130088967160982,12.880835776110734,6.364935091575823,15.753228923462466,23.99383269060565,10.023002561570864,1.980380117503758
T04_12.jpg T=135,0.4275428640208893,2.563870538388739,2.674328008231943,5.603715699775962,3.9222179021697423,4.274563501805408,5.858117165798028,6.792994626378973,10.63054188929549,6.097677935946982,11.260614964425512,23.64741387025983,14.26346942000846,1.982931613494028
T07_12.jpg T=135,0.2881000630193503,1.2360172524535438,1.8545386375363881,2.694843439383515,3.6154740107516496,4.4258833736048615,5.176751865760608,7.321332627022643,15.101071353351278,7.128486924523116,11.260089592320838,22.34566461438881,14.957759437377085,2.593986808506316
T18_02.jpg T=135,1.4398238094107656,3.5236525199344726,6.218382790614967,6.139873935233265,5.815819770234324,3.5594591330794243,6.101514631746802,3.6316419630005545,7.1540833003712105,4.865362317342765,14.560832024968912,23.633451500392102,10.837366395738973,2.5187359079314686
T13_04.jpg T=135,0.348760698887664,1.6327575619446089,2.4678349762690988,4.4391095970190575,2.7737935245808893,4.764746935630386,6.873297025695792,6.715668251516585,12.42899899702841,6.078708767477844,13.666276374408028,22.13179741301104,12.846679224287655,2.8315706522429513
T25_09.jpg T=135,0.2085511070035667,1.0150655076327173,1.7209787434120944,2.431148860860976,3.1736007796116783,3.892925871040212,4.693661937887918,6.9890741498206745,15.888093560197472,8.186344619742973,14.164121808060436,22.481769205211105,12.355978945650726,2.7986849038674446
T22_11.jpg T=135,0.2639549084709725,1.2145914016024677,1.7631754335566887,2.357203002327217,3.070215181096373,3.785789903477077,4.583059188443476,6.835900794802233,15.836685621353938,8.471134526409257,14.076903575206584,23.17220089986041,12.352212226453377,2.2169733369399323
T15_12.jpg T=135,0.08492993534410527,0.4392029694648393,0.487406344852705,1.105674562781094,0.8214734947599577,1.0001235088464924,1.8075879424194161,3.39040932332741,16.42512699044096,22.13422145289289,14.638903015175696,22.913382899456728,12.639106549377336,2.112451010860367
T07_07.jpg T=135,1.4759351667434462,7.04977333054204,5.374467004182044,6.5919872657763205,4.427241756088328,3.914077419111917,4.4306255306729945,3.551839047013861,6.7899377134531225,4.9746311044593465,14.657256053452738,20.523586174371733,12.56211478380801,3.676527650324096
T17_09.jpg T=135,0.09238308211859504,0.5039515213916993,0.6259509895451112,1.6313108296503211,1.4098887645117824,1.9378568898815027,3.698204888264815,6.4412785779284505,20.219716277710823,11.601428220520209,15.6602687431679,20.68440423945031,11.612824875242126,3.8805321006163713
T14_05.jpg T=135,0.18851198578850853,0.8796734309502948,0.9680665097444726,2.792972799701263,1.897158596785204,3.662837317323975,4.7010247567620445,7.496984694402936,16.72534502559211,8.93725766880029,14.855332277551286,22.102505121403112,12.691186606734426,2.1011432084600736
T06_01.jpg T=135,0.0,5.005134393819549,6.147881149117043,6.469257761565983,4.25483895508532,5.973518767141735,5.124283075299476,5.263362868836035,6.991382607009928,3.7705264373705214,14.134446984193303,21.066034806614294,12.300431602920964,3.498900591025843
T02_11.jpg T=135,1.8238156384308728,6.589871431481769,6.33380838710598,7.379051115426628,4.740626019809088,4.089270278219402,4.485247580288963,3.4321131956385207,5.5003640477980325,4.221962908772854,12.84903454902734,20.84052092306708,14.103573992252151,3.6107399326813145
T20_08.jpg T=135,1.1183130016876393,5.7876262262593245,4.8871465447801725,6.490987484805938,4.630676690196872,4.252571895986923,4.912944908147751,4.8930218251550945,6.960778145085166,4.755933068638567,15.15958326316342,20.94014087225803,12.368617961585988,2.841658112249136
T08_11.jpg T=135,0.1190340306710222,0.6445526708902688,0.6556378324619434,1.214029904480474,1.2731383053769845,1.7519744146896146,3.4345328017594965,6.284261102069203,19.96933267399973,13.109896187072673,13.458094218293187,21.056885577050053,14.119054215744027,2.909576065441321
T16_05.jpg T=135,1.274331401773518,4.726704511686738,5.25814488391502,6.931948536103705,3.309776347506752,4.587505329983026,5.339719824867356,4.310076850238266,7.326810627359043,5.394329688482244,13.430901609038886,21.686297654817647,14.069034933130947,2.354417801096837
T16_10.jpg T=135,0.09790350913477354,0.5691624417066462,0.6708104870076652,1.3374744100760152,1.3753777206804572,1.8116150812404888,3.44796578962815,6.214985968797432,19.615532690955188,13.104096344524406,13.800120445080244,23.026745392654703,11.952810195692356,2.975399522821488
T25_01.jpg T=135,0.0,4.821817381559058,5.726130746590375,5.931333568321983,3.8985887084889,5.543039149965661,4.923990300048484,4.05873593591804,8.36277325272537,5.3848036142541735,14.948893477273115,20.99342623148832,12.60192428829385,2.804543345072683
T03_08.jpg T=135,0.0,2.0672897431651585,3.03585418391691,3.9150747518251023,4.709128618155141,3.4920956775516165,7.359434637870593,5.317397785279281,12.148736206687353,6.453117297453075,12.877982822350702,22.231314795189405,14.065262320033796,2.327311160521857
T21_15.jpg T=135,1.224969096962679,4.539763384768081,3.5369907068102435,7.309063463845298,3.617957177568672,5.152023452738923,4.6032652225349935,5.079391989391089,7.804242552971117,5.629483412131607,11.407906779347597,21.344309174192848,15.34145119346354,3.4091823932733223
T24_03.jpg T=135,0.0,0.4506908640968621,0.6997064518135124,1.159283424655568,1.1400098440547093,2.348674913497442,3.4037477632105118,4.922013007767765,21.26626909534989,12.489935749600658,15.546675332268856,21.139957763094774,12.908634743818414,2.5244010467710334
T19_09.jpg T=135,0.7935326751664047,4.3489448557681385,3.944862602206564,7.222201323685418,4.454721901986192,4.30944201894245,5.216706130367316,5.45108904189749,7.84498338784288,5.144545870696237,13.814728246593914,22.766581779123644,12.376721220061194,2.310938945662156
T16_01.jpg T=135,0.0,4.6680011272896325,5.853031265153249,6.140565821591292,5.9681758440829835,3.7099422018983845,6.437776447682722,3.8354872663378696,7.36716085335537,4.574442096626344,15.737360333426855,21.516597564137115,11.271572280051322,2.919886898366841
T15_10.jpg T=135,0.19363496260978,1.0496163174102595,1.4667711022248686,2.5618965023447595,2.5498338318253904,3.2540819416351208,4.124858972966326,6.508635019451318,17.86301748728491,8.510100975489403,17.157019487879847,23.116114325294966,10.34908423765208,1.295334835930955
T06_02.jpg T=135,1.5082403673452345,5.60840647377796,6.115275750133183,7.819019409874157,3.5644428821265866,4.709527892135919,5.1958351737404005,3.981051105308073,6.274149520569522,4.089565478861563,16.48066020705008,19.21810865525185,11.640711083199365,3.795006000626109
T09_08.jpg T=135,1.5910202747421442,4.466963501307918,5.132280630344164,6.748696695478171,4.040545264465737,5.1252922374133565,5.644288503587131,4.516603357041378,7.271683690111573,4.618563018027241,13.281321860736965,20.53091798920735,14.620285257469765,2.411537720067112
T06_13.jpg T=135,0.9188112133020788,3.5989988211379083,4.410530298482432,6.433958901942438,4.8685245258030525,4.72375494306372,5.7274418954704025,4.718346548232208,8.442484121893258,4.743793943728675,13.820239199739811,20.8438873044698,13.630767210595,3.1184610721392234
T06_08.jpg T=135,0.348404609475451,1.6551556079450225,2.4836791913660208,4.354416020972922,4.002337645353992,4.524446751524804,6.465106178635758,6.235987944429368,12.591029951955829,6.049963784330886,15.94385436077764,22.536730836218144,10.536562231180307,2.2723248858338647
T01_03.jpg T=135,0.0,2.35278669278391,3.5798443131157116,4.69234524128556,3.720124365652746,6.040681262418207,6.071903914386683,7.280276169888607,10.69380638290923,4.595205818325305,13.514497893169935,19.187957525864604,14.73029537123008,3.5402750489694186
T11_08.jpg T=135,0.0,4.894627179620848,5.566982726515553,5.6094554667872405,5.390615739186756,3.3749514058837162,6.009804617775504,3.7212881878742334,7.928207930074548,5.858787338178464,15.430044460064964,22.77361386952945,11.186098735668747,2.2555223428399813
T06_10.jpg T=135,0.22849055520507056,1.1687618923824477,1.1379783682731393,2.875034735884105,1.845187605514179,3.473684937901398,5.8814044858802275,5.267531319215434,17.821956050238196,8.635870823241156,15.653922556728196,23.550297242076866,10.376794640103409,2.0830847873561606
T21_12.jpg T=135,0.3194451034717271,1.526553647515153,2.2152404705890616,2.917415725257457,3.709671013387792,4.381189307291663,4.948890297378731,6.817291685931218,14.046519288539374,7.2012415621875085,15.264684648861936,23.80446456193723,11.1871092285125,1.6602834591386648
T18_10.jpg T=135,0.8966600116609738,2.8220204929642048,2.899401361482712,5.912758800651145,3.960326610941944,5.478819422595454,5.354835118230227,5.924746859050052,10.033838865434573,5.2439287059287105,14.91775921553496,23.028366166553955,11.446522839813655,2.080015529157444
T19_05.jpg T=135,0.24915312411189186,1.1650408261404206,1.819900683614356,3.4678450864473733,3.446346305240412,4.141365282687759,6.333333508425143,6.628888612006789,14.640747039283767,6.743659695005538,15.278016655530452,21.077349132111717,12.379441373914958,2.628912675479423
T10_04.jpg T=135,0.25489294185708383,1.1563181291377815,1.2445500534729614,3.63103942018305,2.4511700904635436,4.548285384849304,5.381575834563787,7.7433116043818915,14.630998142101655,7.265014277936167,15.456196936412963,21.04028085805281,12.933316954401786,2.2630493721852227
T02_06.jpg T=135,0.4610090902047827,2.015296536409048,2.0459260905050902,5.407530659679368,3.252051923973915,5.416869473648223,5.648438147832716,7.063804749339927,11.414301114708776,5.621706248449419,14.610258270060305,22.47230018661039,11.784167473006294,2.786340035571745
T14_10.jpg T=135,0.7911543019594766,3.2267001983220185,4.076912798086372,6.1059460067421485,3.2135040326828617,4.797164184534019,6.027470737475857,5.2265928766225285,9.091392100718817,5.925752090406925,14.180154617226664,23.835647656546968,11.16836530893733,2.333243089738005
T10_15.jpg T=135,1.1948519740176082,4.512893561316175,5.19137823923543,5.356940261368172,5.2689651068605725,4.9551532798697995,4.388173412989493,4.786901030182529,7.928502403233553,5.153543975883899,14.873080234878778,23.369222940852165,11.250080090452096,1.7703134888597347
T01_07.jpg T=135,0.0,4.6999637237825285,5.583572515139218,5.7607932708700895,5.617101073571564,3.51433324805535,4.659000063092936,5.136355610063244,8.109497119378789,5.311376229280653,16.07476055553608,21.956943806012784,11.498674112653616,2.077628672563166
T17_11.jpg T=135,0.31611055430530705,1.5123454089728594,2.2588622648904018,4.054716201574276,2.5564384269164853,4.4717524049410216,6.6435048993999954,6.749478563755226,13.433772834162596,6.704448818251993,13.803102352211127,22.81125856230781,12.551752827857143,2.1324558804537537
T17_04.jpg T=135,0.4175423393247081,1.891340616480012,2.671675586169881,4.554204284278075,2.7548660257499886,4.629740341509118,6.552786154566622,6.34673670788762,12.182427399895134,6.498564398889033,14.771315439777313,21.765111940209884,12.649603036478831,2.3140857287837617
T13_01.jpg T=135,0.0,4.354749240194463,3.5867601845027703,5.846596789465384,3.9788361045332934,5.837337002701664,5.383418847451395,4.590080070654439,8.752481096167122,6.061993413410067,13.047809299257064,22.279697308451905,13.674477531790796,2.6057631114196287
T24_06.jpg T=135,0.4510188076734702,2.0196294641197463,2.9256339955673365,5.0677894703151525,3.0079976768896137,4.932442139143088,6.7690776863792905,6.275766955939847,11.059631477350733,5.964772555239711,15.59649776906584,21.7753120417881,11.406409132791932,2.7480208277361644
T24_02.jpg T=135,0.8703233469612979,3.5165843081590737,3.1591351690058853,7.27493309727952,3.863726132051741,5.734265569282585,5.264608443898387,5.840057649477098,8.287519483248309,4.4900003689598,15.094708849500652,22.361612003867002,11.840710152593156,2.4018154257154944
T20_03.jpg T=135,1.4800350244599274,5.4703090425014445,5.862991668612223,7.3788092829996215,5.0410107443906815,4.483535591312715,3.7517412655845535,3.8740912542610566,6.904983441931863,4.355618067141894,14.104577499337141,21.647988004164485,12.13971777606188,3.504591337240512
T02_07.jpg T=135,1.2965075209126982,4.9871627043374165,7.254537525750853,5.319878925269121,4.951458973544892,4.487851162861421,5.07019818775,3.9556251993272697,6.876130116554934,4.310063831373878,15.418638732193966,20.869950114858227,12.074283687260456,3.1277133180048864
T04_11.jpg T=135,0.8536468529103366,3.520871466398484,4.4465700565357045,6.531770640170167,3.3878038911263846,4.996030143244063,6.142364511016022,5.161683175895371,8.442802259871137,5.122613023415839,15.047613643615735,22.427580669301715,11.901627291410485,2.0170223750885583
T25_06.jpg T=135,1.3478964424807816,5.030410648410982,3.9855763284234,8.14817080116717,3.918201857952373,5.429461848390541,4.6519898821271015,4.85591886767282,6.846894811936124,4.252684621063451,13.966351072156105,20.805419354733502,13.419603635818648,3.3414198276670004
T22_02.jpg T=135,0.0,2.5915032866497443,3.5932902432883544,4.4236493868349225,3.415718034826228,5.535424065808972,5.653133439238535,5.2750042226979685,11.746745726047115,6.075783117238443,13.69257264660042,21.36904310385104,14.059696444215447,2.5684362827028044
T15_02.jpg T=135,0.0,5.102328114241816,5.864466151989022,5.923928988965753,3.810140964501291,5.307186804182444,4.651470386055437,5.0557089781451365,7.818144317280897,5.060313576612824,13.136189871155743,22.67183186562534,12.49123859812392,3.1070513831203885
T23_03.jpg T=135,1.516082718512982,5.5167168913296685,4.100369143640578,7.961141096046558,3.6931473828589647,4.998927679631611,4.27426300174172,4.575995583769023,6.928994081436255,4.875145851726488,16.80544264012426,21.715513933094226,10.800515781862838,2.2377442142248327
T12_17.jpg T=135,0.2364629032520971,1.4539808179452116,1.5778373297092376,2.949393317198324,3.0045598869370966,3.728407511838149,5.912608678533353,6.432857324627923,15.270430883276115,7.6398754233716595,11.397014831058232,23.04059845318343,14.255553879417764,3.100418759651404
T08_03.jpg T=135,1.1054603399242775,4.28097524446773,6.611348357129836,5.095851606355466,4.971872588807883,4.638812122796371,5.395399833063946,4.283529514588231,7.4316953547261395,4.624598809263817,16.19545747154505,21.61953058303026,11.803243246490329,1.942224927810676
T05_11.jpg T=135,1.2401144385294764,4.661875354930197,5.308906520663896,5.3366192784383095,5.1561331837316535,4.800878838864206,5.602649856236769,3.4225669838152117,7.716213738877388,5.251109655509255,12.587454251618144,21.125692800868233,15.389924519720221,2.3998605781970506
T18_06.jpg T=135,0.9534745957073234,5.1540834650736835,4.4066731334704645,6.097385630015043,3.0552022463004302,4.428357919070797,5.363345610128038,5.5631848378878646,7.600618482928263,5.5744064250245895,14.274945432518065,23.21284688890495,12.354114522322345,1.961360810648148
T16_07.jpg T=135,0.7492293745052951,3.0412731345782995,2.803711024750784,6.560961666991672,3.5386998544273816,5.402379613341352,5.1586532842571255,5.992840871225661,9.267400619894065,5.85403875840292,14.157102721648624,22.10368866004118,13.345539284022474,2.0244811319131584
T09_12.jpg T=135,0.5398417044525388,2.378178026430865,3.2489986115200336,5.287892268217763,3.027135329086109,4.850146793564291,6.557521860491115,6.037536467149455,10.868223240439324,5.779105530989067,15.18938803817007,23.41224863830401,10.820741434302175,2.003042056883164
T24_14.jpg T=135,1.5671819262672162,5.636015285320518,5.874998036115423,7.338663539765829,3.304846129174478,4.4661874034000295,5.099028470130159,4.035931140726809,6.696851269484007,4.886912184191356,10.891938692396216,21.52347250969698,15.291933443685705,3.3860399696452705
T23_06.jpg T=135,1.2955002969984757,4.883986852261307,5.608829159683684,5.590190136284815,5.2587321874853865,4.8198676751042875,4.171898468800198,4.461753027424418,7.290762908549532,4.871985735447287,15.801374366111233,22.37060582409864,10.944751893452613,2.62976146829812
T17_05.jpg T=135,0.20578625127927466,1.074253994725515,1.6645489994716125,3.0101930131361465,1.9750466146864056,3.684103275240248,6.024688903850282,6.869355334017725,16.02037723212175,7.9001906687939325,15.752006366605489,23.341025027560438,10.557178211856066,1.9212461066551267
T08_04.jpg T=135,0.9750269165583408,3.8139609053222014,3.31621025436691,7.453549172396988,3.863804159893652,5.668677789600802,5.149678393538236,5.666460807906983,8.109437596345186,4.661346125819724,14.78867770767551,21.03575759403443,13.221656582398653,2.2757559941423966
T11_01.jpg T=135,0.5450602995277609,2.3021949005390345,2.2685609644433056,5.8891187745456826,3.5126821522807634,5.747681395962764,5.8218762235885455,7.014459723059815,10.50269795766784,4.936470553736502,15.091263222032293,20.793430571805967,12.046808789615504,3.52769447119421
T24_07.jpg T=135,0.5988508990503881,2.4975810124606457,3.5186176517144467,5.788009250096233,3.278906878744684,5.161972902888847,6.745893993955113,5.9389395573261865,9.950337005906462,5.233997150028003,13.653878578415954,22.255568125271484,12.563287390558653,2.814159603582917
T18_11.jpg T=135,0.3752636214508691,2.4830023720699854,3.634455609858564,4.423171786427484,3.788830028494276,5.414181647186616,5.488334264520831,6.323554340571734,10.741221582580064,5.901135954490927,14.914585024201868,20.952764864233078,12.910648458948376,2.6488504449653187
T07_06.jpg T=135,1.5846364753316409,5.757677028198191,5.811785638945727,7.09934951072593,4.747763087825634,4.228980283070916,4.738328980644381,3.676059797651518,6.058149625302888,4.7670074869484,15.386371581289868,21.49018485569929,11.234532039255388,3.4191736091102465
T05_04.jpg T=135,1.2389537706926834,4.7763998271615735,5.243676642543685,6.8944300263222456,4.901267839676279,4.509458795436629,5.240520640153622,4.1937251729418055,7.39906400424829,4.358969332750406,14.135494980503518,20.590142650245568,13.681130464068325,2.8367658532553954
T18_12.jpg T=135,1.1721890791553904,5.809198916848383,4.657555818836807,6.0522386180960375,4.310440349311399,3.991085941658933,4.6636286706878325,4.773972628980136,7.379820300897037,5.664534749036712,14.137320690757095,21.07861714369332,13.438146163632634,2.8712509284082968
T13_12.jpg T=135,0.26674518446139595,1.8329181647432875,2.0254257050157003,3.657398314455531,3.5073497454408424,4.130274559754204,6.189186755195958,6.280546206088101,14.3798533609278,6.267630641528764,14.137401298923102,23.938919016239137,11.487673992694562,1.8986770545316176
T15_04.jpg T=135,0.7986698587296159,3.336998289316816,4.5350143767103885,5.2197067088926365,5.513397231507679,5.48346817635042,5.068964094212856,5.624521734134934,8.856253142980623,4.4117720197208765,14.11993538209815,21.586698513177648,12.826089233868244,2.618511238299111
T12_12.jpg T=135,0.12483553015982272,0.789474861841802,1.1213858931464684,1.5654272998056848,1.6087990448468674,2.153926833628062,4.938480646992275,5.256722167143356,19.219964962965022,11.390194616028195,15.62541865867206,22.252337384244203,11.563858557261224,2.389173543264932
T13_06.jpg T=135,0.7931889342698069,3.234964585977557,4.222900702164982,6.312769056873265,4.936904443188802,4.837210732537693,5.907227834600136,4.902156738236184,8.685509864656375,4.832845375614647,15.21001469543025,20.331341385389628,12.972336675698845,2.820628975361841
T01_09.jpg T=135,1.328496262705771,6.739337427174992,5.616883947836782,7.360244086181089,3.400058788328072,6.047486884119791,3.7699167132181626,4.740543647391952,6.186386579107653,3.725070748863829,13.48844625268258,19.284024581149186,14.498686000814535,3.8144180804256056
T13_10.jpg T=135,0.0973896039111386,0.5676962652506341,0.6367362213971901,1.4412295022553674,1.113585086654278,1.4145071108021394,2.6538059414197512,4.9620786024444605,18.64639710095416,16.654315413519054,14.755831610466393,22.83811816833784,12.116908643891788,2.1014007286957948
T11_11.jpg T=135,1.2596375079250923,4.7553253094478825,5.512534154235849,5.525067173841175,5.315888312300697,3.305659327132563,5.76661549291553,4.652754484642922,7.072231664224576,5.209874052301049,14.41458068162001,21.857037912530494,12.711396761388517,2.64139716549364
T03_07.jpg T=135,0.0,4.089766423915128,4.8342586893784905,5.124899386360871,5.241913272516845,3.4491495178196487,4.8583939587089215,5.652226037206045,9.271126153228703,5.892235366701107,12.760851532515115,22.927827802111555,13.74132883680376,2.1560230227338177
T03_06.jpg T=135,1.0861761400057417,4.206933873218459,3.3867588843470418,7.137885803054807,3.614635316599902,5.228131080522656,6.293808701286836,3.9229167444296142,8.651192127731754,4.833020743763697,14.939077634062937,22.675313919859786,11.693033595813501,2.331115435303268
T09_13.jpg T=135,1.1268640415589022,5.8979036038985635,4.86300597843634,6.403479842123451,4.533810486260892,4.184613136802817,6.071794656385018,3.8977920677251663,6.942048265073569,4.66373706330859,11.391859944226676,21.00825168156272,15.877157513871069,3.1376817187662365
T19_04.jpg T=135,1.4201430812301927,7.025888847541263,5.39973044710437,6.727026628299061,4.5766180779177335,4.055051601675181,4.572017096490993,3.602657247913621,6.506637817254759,4.811027985876794,13.941605984026484,21.55286063736466,12.898630499049904,2.9101040482549854
T16_12.jpg T=135,0.16739322187754738,1.1001611557502842,1.3017275784067657,2.5367416263018185,1.7449017781096217,3.353769990224281,5.6264367537638735,8.137215338383696,15.52283542893881,8.88078282555423,15.776411408381133,23.026009917584357,11.041169293173704,1.7844436835498705
T10_05.jpg T=135,0.3061366513241816,1.9830928266410008,2.8853193295654767,3.815771620880324,3.5649161844217576,4.066291232720837,7.325818545980607,5.7248928153532965,12.549509989617189,6.1385519567218125,15.517352751088367,20.87182695788192,12.73475191915567,2.5157672186475657
T09_14.jpg T=135,1.173284606769289,4.58311887061229,5.336483630958795,5.491807818810879,5.359544575790439,5.046834858900686,4.457922957711056,4.802576350796143,7.589411837660032,4.717553642844923,11.77553121641999,20.27482606660546,15.613376329337234,3.777727236782797
T02_09.jpg T=135,0.1796031401001545,0.7562616820440351,1.067010937072462,2.0041321706718542,2.129501213340109,2.837445959805587,5.080144590337638,6.4709912589962935,17.80957247083758,9.706400524022532,13.383028881030596,21.960056949402013,13.126940328933175,3.488909893405966
T10_01.jpg T=135,1.3317358041947172,4.9934571197842645,5.449828238360672,7.0757597877238725,3.350925171211852,4.632761037595874,5.3662436536335685,4.310806819426554,7.177248455282358,4.8093893095606575,15.037283917977787,22.82123554366672,11.622142913821435,2.0211822277596747
T05_02.jpg T=135,1.4812778181402724,5.547209676023368,6.126494217403423,5.8475342132964485,5.372164889459153,4.838848684588273,4.082157978946695,4.202489733162773,6.602310248332957,4.300844188418205,15.201451572373516,20.73110129110185,12.658400890887954,3.0077145978651103
T21_04.jpg T=135,0.0,6.258981153133527,6.688870118148392,6.271604570861509,3.768337320147024,5.039741383732647,4.302714721422913,3.4770989972097035,7.320007196424378,5.054613113833829,15.018521551887405,21.955840507126414,12.3054272324631,2.538242133609168
T04_03.jpg T=135,1.420388180238236,5.363570029729966,5.915518758192295,7.658701961171597,3.5463240500624162,4.760660714777695,5.339508064487248,4.142005075531007,6.381848414934938,4.025645161177563,14.52931595738341,19.715782225620266,13.572406091419154,3.628325315274207
T07_03.jpg T=135,1.277229358406936,4.661352034210066,3.552050906877424,7.27716876336957,3.5569125484459145,5.027394128572167,4.473278416920492,4.914920911287736,7.682195803124182,5.7580193661233405,14.320110138834623,22.556264046758407,12.46466193166121,2.478441645407937
T17_08.jpg T=135,0.0,4.865726976980927,5.861615540850461,6.016979872684545,5.809259919523799,3.6180326482702094,4.7740838077451535,5.182083331425883,7.655720235860626,4.688943212375005,17.749744921377612,22.47166826347733,9.324411080337569,1.981730189090877
T22_10.jpg T=135,0.0,0.6586299752522767,0.5913918325416179,1.0634370198027008,1.170507957395725,0.8498782053883451,1.585791752769505,2.311175814575439,16.205041082059875,22.40873971511846,14.078461283312551,25.303371725171512,11.79879677368054,1.9747768629314448
T13_02.jpg T=135,1.45327522145275,5.392326840705353,4.300709920352744,8.490950840427464,3.9490461782606436,5.334225229936521,4.45981047971538,4.583481312289533,6.526816768180858,4.128710154603263,16.852655164539716,20.1526696062656,11.66462109574258,2.7107011875276035
T24_13.jpg T=135,0.35188290825160023,1.5928888845205909,2.373360061272714,3.2743080094083794,4.1655009709141675,3.2419317853233585,7.192804476157372,7.197863630484109,12.47028856631602,6.6991583954611125,14.018852459287984,22.86599967939352,12.836444654732333,1.7187155184767289
T10_10.jpg T=135,0.1493778380554716,0.7577920364644997,1.2371821854285312,2.361181702629504,2.414855711338725,3.114302063313952,5.3386509242799765,6.414291979235022,17.78171955043849,8.87875117718626,15.72565061415448,23.820734871393395,10.27769002846714,1.7278193176145638
T16_17.jpg T=135,0.3186784213859488,0.8114800262792377,1.5119280695443902,2.0988032822464784,2.8788844527877417,2.775065400908736,5.879499847527533,5.594048235112716,17.852367768734904,8.615103318746463,13.351899239578998,26.159082621875683,10.131258972517676,2.021900342753493
T14_12.jpg T=135,0.6728172690006341,2.7790601058132283,3.7085349903038614,5.905557019626883,3.2541440255632232,5.0134967287914805,6.440651103699159,5.6412548619657885,9.645732691291762,5.397283419368055,14.088979105728388,22.313486201208388,12.413248253426351,2.7257542242128108
T11_09.jpg T=135,0.9608358638162215,3.771117587558965,3.3116904900481137,7.4781792773204145,3.8864520837135665,5.693597871018352,5.143376318298998,5.627011443872921,8.05896798379298,4.439235734039307,14.374184181444745,21.17806883036229,12.432295697140525,3.644986637572595
T09_10.jpg T=135,0.17104786609894,1.1111374753742151,1.2384124049580054,2.4047647845814883,2.4714069426929,4.2176752294334205,5.348661998201127,6.239910954438473,17.344204442488767,8.068045621841122,13.669075453054685,22.591969599226154,12.656722076310587,2.4669651513001107
T12_03.jpg T=135,1.6845381080253494,6.209971878627473,4.565596649248073,8.625021526554214,3.89536281503688,5.131976803297166,4.2171299328545,4.2754455578085695,5.9319298875074296,4.059706582736993,15.088761324855108,21.349637906355195,12.10284801429755,2.8620730127954923
T17_01.jpg T=135,1.5771594671252906,5.697597853389095,4.2170627550175865,8.100777817680829,3.7173803255155615,5.017888270465996,4.282729221004584,4.5563840767276504,6.769764420562639,4.861777281078036,13.791093886462386,22.62286856164689,13.036966545829205,1.7505495174942445
T17_12.jpg T=135,1.2953550907058695,4.791315689653505,5.239069610361769,6.863902050056312,3.3240813140146983,4.656519978091376,5.420108575075325,4.381683443950256,7.494682574337165,5.185173361122407,11.532066744736733,22.18183459430881,14.04018820739665,3.5940187661891096
