Image name,0 mm,0.063 mm,0.125 mm,0.180 mm,0.250 mm,0.300 mm,0.355 mm,0.425 mm,0.500 mm,0.710 mm,1 mm,2 mm,4 mm,8 mm
Angle_39,0.0,3.3978801896749693,5.909749099749267,8.386369012817248,6.038441916686727,3.6415101071102027,6.107399827935652,4.64000637469681,6.936351803466172,4.763854695057034,9.734146276873886,12.332681193938138,14.65699516056936,13.454614341424529
Angle_47,0.0,3.3449315398458768,5.811522754366879,8.251821991705315,5.977540022155738,3.615349285458898,6.081990107480882,4.666136573280627,7.151153175099196,4.837103176455715,9.504468142012518,12.310421275193587,15.023349812420927,13.42421214452384
Angle_23,0.0,3.6116676671863233,6.140307964458928,8.498445691912481,5.9947136466653275,3.5399042450237994,5.828554806207255,4.4106855836714525,6.768675926516223,4.877912746669868,10.756664612255056,13.597087648529268,14.206300629811738,11.769078831092287
Angle_31,0.0,3.6959954691743397,6.217363932528759,8.496548239549872,5.9420764565938935,3.5011109078580125,5.763352964945773,4.355620348335576,6.77765269257035,4.962141103158007,10.511722170454632,13.065409235494958,14.18437787249717,12.526628606838678
Angle_55,0.0,3.249781863145739,5.7065467516380775,8.130438810917655,5.938233427834438,3.6369091749331113,6.1718379201448474,4.743160026338957,7.23186765683934,4.892859294779519,8.770849972848772,12.276618413383124,15.619437570047236,13.631459117149177
Angle_87,0.0,2.7083320159147632,5.139755564117193,7.829420655595546,6.089901087829093,3.897761606297792,6.832776116072009,5.294166998227468,7.62683541412583,4.7393979809887385,7.763732149700211,12.194113169520746,15.019047933611706,14.864759307998893
Angle_95,0.0,3.0346944991937614,5.523070351936221,8.097312126512838,6.050077633352215,3.7529057058668895,6.426286367875676,4.953127479616502,7.367507901144313,4.910364751545941,8.367473938558051,12.646326678644185,14.198818062783944,14.672034502969467
Angle_15,0.0,3.608844448625976,6.134388325232782,8.534254754791473,5.996534364511378,3.5163963402701004,5.750123009794719,4.341170508198672,6.7858076341511975,4.9923050593430665,10.533053712000603,11.983564600056994,14.264550917285685,13.559006325737345
Angle_63,0.0,3.1304115253530105,5.616859433582135,8.09823013295662,5.9710853270443724,3.6906641725102727,6.3363423152436695,4.8818166536871175,7.288396938670082,4.854626952272515,8.728562639772438,12.562682519773615,14.282535016857006,14.557786372277155
Angle_79,0.0,2.9568403662807228,5.400091011511172,7.994513441531949,6.058455972239624,3.7824489226216262,6.524620073885357,5.052085592374175,7.500819211297108,4.934916492586972,8.261516306983877,11.722863693838253,14.42924462971316,15.381584285136
Angle_7,0.0,3.6198412095437402,6.1751953832600375,8.583064314483737,6.0373608165230825,3.548512273441077,5.79707968706366,4.346096284494286,6.705577089779912,4.849646251098324,11.572939824594245,13.537642374559224,13.929182216218093,11.297862274940579
Angle_38,0.0,3.3780285823454834,5.883598767263107,8.335232280045561,6.029768002673911,3.646709808557949,6.101829305658548,4.631178049331301,6.979628839733023,4.7794667520854155,9.853532605028272,12.552224490272124,14.154044396730232,13.67475812027508
Angle_46,0.0,3.3516570474020613,5.860432826634375,8.247353385620423,5.969788934344815,3.6367670940087997,6.13164560860856,4.6715434686841295,7.1065694558023305,4.79742408407398,9.019979691945023,12.731163184019382,14.880364841896345,13.595310376959784
Angle_30,0.0,3.4768924377638184,5.998662939499153,8.418120702495896,6.010390180138647,3.5857580395887623,5.951439664908003,4.506574201601576,6.89477389830036,4.8350562168114815,9.671750605444217,13.543278200108974,14.617365943507245,12.48993696983188
Angle_54,0.0,3.2895177121605665,5.75945861601824,8.182917086758799,5.969266627249103,3.652374804790133,6.190627460600232,4.733826877085456,7.1000022918688765,4.83166443141436,8.924484717564587,11.99300187070965,15.240702733005195,14.132154770774813
Angle_22,0.0,3.6174954010261313,6.154186213764928,8.516410473051819,6.010722826749038,3.555775934392948,5.816550133061558,4.375893952742293,6.76360601865834,4.8732008632836035,10.782561217852557,13.884416130889845,13.989605853994323,11.659574980532627
Angle_14,0.0,3.491395083183417,6.0289800038915535,8.531213402592938,6.055884817152268,3.5762839366057446,5.882561790422652,4.443046959921075,6.810587237090872,4.846506628782884,10.277388098201762,12.867124907764573,14.470325053520975,12.718702080869276
Angle_94,0.0,3.0020508550635587,5.4375635086255585,7.918808823528018,5.934993320468526,3.7167677528775287,6.431252197992034,4.992581018490483,7.570689789179406,5.049972726298554,8.346700651074274,11.921692051104474,14.503938153043244,15.172989152254345
Angle_86,0.0,3.007102886400649,5.474109307685084,7.995932463716298,6.020034920741045,3.76353725186315,6.473754297054588,5.006443568292443,7.547290771010668,4.915951186071972,8.22367752177773,12.262210126690409,14.491334606558958,14.818621092137015
Angle_62,0.0,3.2693750857237838,5.734238325419352,8.183378745657858,5.973586983232777,3.6644936044269283,6.219060584473738,4.748381564611015,7.101852169092373,4.97601214362038,9.80182406186094,12.283670098791234,14.501832412715352,13.542294220374265
Angle_78,0.0,2.9013840481596858,5.345973993351202,7.996766916188682,6.075755128179005,3.826791932921717,6.610538154567645,5.082208812637594,7.505189889051508,4.863131082396379,8.449282302272803,12.152532639511886,14.421684947475555,14.768760153286333
Angle_70,0.0,3.0350179235042867,5.508704804048182,8.050830328557176,6.031092931678575,3.7350183724158836,6.400521418905615,4.9331440629807615,7.349162337961407,4.910318844893352,8.866945411717186,11.895932469233744,14.849191592146902,14.434119501956928
Angle_6,0.0,3.6563756825206113,6.197946769477836,8.551345955684113,5.988795449642434,3.5109614541161736,5.7572740156761695,4.351321012393689,6.7133060726214735,4.90109349825564,11.803455924243979,13.316527118013385,14.152056307518206,11.099540739836293
Angle_37,0.0,3.468256296045789,5.957447222099932,8.354154006744944,5.966328575107673,3.5785054636995035,5.987706644200992,4.547503351180256,6.975905514647643,4.900971561548352,10.199964324652708,12.476045206637266,14.491271747460384,13.095940085974568
Angle_29,0.0,3.463544672778017,5.9695752780010976,8.406793137410025,6.0001980574211595,3.604689606987129,5.9997723771615545,4.545521719338852,6.861689457994419,4.80416580893944,10.575191367937514,13.423697187259064,14.569758017341965,11.775403311429756
Angle_53,0.0,3.4437340589689236,5.902856104978065,8.228491883513174,5.897338794651053,3.558844019206491,5.960195120412775,4.566932722367229,7.127542712033157,5.034665389260967,9.050021573893863,12.131202255232553,15.431145582214661,13.667029783267074
Angle_45,0.0,3.4298861921105517,5.929008109886584,8.344427869628793,5.992034877852434,3.627231777750602,6.068147182647553,4.593594836646622,6.9668473576356105,4.836612109357311,8.784369492195848,12.944454858439569,14.422801223766573,14.060584112081964
Angle_21,0.0,3.5765966521413626,6.088469252455693,8.455903589117844,5.9533958086598435,3.5113530350974487,5.803816342672639,4.410671476422342,6.845691631195915,4.973815634764722,10.60922861364637,13.589401602940544,14.468484737784172,11.713171623101113
Angle_13,0.0,3.687060448292683,6.220852540122415,8.492252410575777,5.9387126470809015,3.4754539722280766,5.688343634148008,4.313143215710047,6.787039469503328,5.0295588504942375,10.992484526812166,13.228073306978045,14.559489752082227,11.587535225972102
Angle_93,0.0,2.808408296740519,5.2450477955672765,7.894298567383273,6.052976655122638,3.835628181835221,6.679718464356034,5.1717664861466135,7.552041976359041,4.866755712348322,8.33014486583783,11.32502934633188,14.521732287717409,15.716451364253953
Angle_77,0.0,3.071896409075676,5.53924628557162,8.048143744587342,6.046287195673665,3.7618588563638986,6.409070900501343,4.8977978816029015,7.426643730571773,5.084010589751834,8.223154410728851,11.414629419772275,14.00639489465487,16.070865681143953
Angle_85,0.0,2.953935214713041,5.418159612842842,8.011957243401886,6.050836184056678,3.769573787867233,6.480285344991993,5.0210015469766685,7.538465144021888,4.955385884596038,8.08945082957664,11.5015038617033,14.900938516868859,15.308506828382928
Angle_69,0.0,3.2026505492727417,5.687610583590285,8.120948707791225,5.9832205615770135,3.684305801495871,6.280089425400251,4.819222087918402,7.263871448959397,4.959875243731379,9.084744786828274,11.625397905812704,14.276725620036418,15.01133727758602
Angle_61,0.0,3.2771517543635227,5.765330486991867,8.192733422641755,5.983230753629103,3.655599563781899,6.183639857367263,4.742757577878423,7.1597088800781385,4.923882600964894,9.407277515429856,12.332264285796775,14.830118293659625,13.546305007416885
Angle_5,0.0,3.7392354961699086,6.284936098798027,8.584271247943319,5.921444007870952,3.4558674897069985,5.6781936601643,4.304536235847163,6.711518310767671,4.984413125964154,11.761664598052676,13.215780405367965,14.113489401657414,11.244649921689444
Angle_20,0.0,3.5947140623956506,6.128043851080045,8.513038705308636,6.004690372962662,3.539221762846878,5.8037777080126585,4.3909300295655465,6.816010500597545,4.9016234480589,10.983364006914027,13.295018435461225,14.265573257726395,11.76399385906984
Angle_12,0.0,3.6655708358087393,6.1935540853007005,8.500355332501782,5.943772613851384,3.4903377632733137,5.746142811051228,4.364849443410663,6.824228291400554,4.991011572209009,11.0284659077132,13.500083339845725,14.370386199229696,11.38124180440399
Angle_28,0.0,3.596041556465108,6.130554113324777,8.491719464258336,5.973826191760455,3.537472803076297,5.8531188629976185,4.438229250659732,6.810125836307647,4.89198880529337,9.644627595272363,13.128197967755113,14.633556929053984,12.870540623775199
Angle_36,0.0,3.5609316028993487,6.07332340342356,8.397093328952327,5.933995992241014,3.5538744567683165,5.923318266159113,4.499158730531688,6.946482851818661,4.880319524686206,8.962457937108393,13.144707218270161,14.220727654977539,13.903609032163676
Angle_52,0.0,3.268385431245513,5.734132170818813,8.158568615774684,5.9476001283720805,3.6414854951702345,6.162323078429267,4.712196467613075,7.148226646722297,4.874891154659652,9.31888465532504,12.572076966199287,15.289745810677738,13.171483378992322
Angle_44,0.0,3.2312245731842144,5.704028974719979,8.18594373108555,6.001532793114629,3.679903429719361,6.2179508380038735,4.739026494323034,7.179183429005771,4.824846361899082,9.310109375964707,12.543544672300074,14.857641093682927,13.525064232996789
Angle_92,0.0,2.929456853347114,5.355100273366962,7.933189981087978,5.992792647696795,3.7558586108889167,6.506651724626624,5.062296613959338,7.563264120428226,5.0374651561249175,7.813551114371423,11.490318655141374,14.200847597819536,16.35920665114079
Angle_76,0.0,3.0091487758044697,5.4550784478271135,8.019112633781699,6.045910713491403,3.7892862461724666,6.526850589302772,5.024733443679549,7.46972081882097,4.851848518131604,8.284398941930867,11.60341654318578,14.731937560934346,15.188556766936975
Angle_68,0.0,3.0116825836805914,5.471615729134967,8.074606425031519,6.073615807641662,3.773481814244208,6.487572040111142,5.018159345468964,7.404712323763842,4.753436416297377,8.281020350350763,11.629342291035204,15.045767551696436,14.974987321543315
Angle_60,0.0,3.1205206075269727,5.554237144611782,8.065222528418344,6.001389389977793,3.728368328183658,6.3838807345982875,4.887962084642728,7.25831121330847,4.904414814156051,9.267738383753274,12.110960138043426,15.511426149562366,13.205568483216851
Angle_84,0.0,2.9165767227126262,5.337939627319383,7.893727380728749,5.9891491525933205,3.7576893774571567,6.4902037404078605,5.022229556373452,7.627996432200384,5.108870378568273,8.21743916964142,11.768205990520055,14.3811869599533,15.48878551152402
Angle_4,0.0,3.691563812428242,6.242584745642747,8.561435834082799,5.981708195901986,3.502687206625092,5.721990772126919,4.31822553301812,6.6868347657294915,4.92762152916955,11.915151518308232,13.594353348997936,13.565712184572634,11.290130553396244
Angle_11,0.0,3.680120925131406,6.218967998800648,8.582259387209044,6.004178142196968,3.5072121315649887,5.741405784437824,4.332696748335688,6.719549570197259,4.952537681165327,11.118255180120356,13.376715162625688,13.851235260447234,11.91486602776756
Angle_19,0.0,3.6090489705273767,6.1289090791242655,8.496807778506426,5.957923658647957,3.5153421989996927,5.8057508462630185,4.407151759835641,6.8096048013865245,4.94474534093649,11.554038141145687,12.991552901796787,14.334141322709394,11.44498320012074
Angle_51,0.0,3.3957420758499035,5.8896964101032685,8.234271222903175,5.945504969778526,3.6190951347938536,6.096448057371607,4.644132174739694,7.096459553825094,4.868389221513167,9.605539969498624,12.156292199091993,14.670677514862964,13.777751495668127
Angle_27,0.0,3.5575762458911715,6.085393621988355,8.43120968151424,5.940350379713834,3.528254863036026,5.841717740180298,4.451125231163936,6.9164584020527045,4.9021164414686735,10.32963636247078,12.575337138301592,14.577680077313595,12.863143814904802
Angle_35,0.0,3.6013225416503696,6.1192260808822105,8.423508721125996,5.945924991806524,3.5337946363947355,5.8685179617623975,4.470138352308535,6.924430738126457,4.921931208173138,9.520878720506836,12.431459310129824,14.561924719732986,13.676942017399995
Angle_91,0.0,2.943063367757934,5.395785533801448,7.957153525959339,6.015317553646518,3.7760634242786617,6.536280516637339,5.052499794771884,7.478206996832888,4.9502017622481285,8.334405094149663,11.714799178689988,14.405579219522526,15.440644031703696
Angle_75,0.0,3.1378327456154014,5.608560855422703,8.120153689162352,6.027887839005421,3.7320523094755953,6.355651899577607,4.8663777552501415,7.346213942156619,4.958363883862226,8.723335883117974,11.99033512487127,15.084393798854231,14.048840273628445
Angle_67,0.0,3.0950678887448726,5.547206857704903,8.068246485060373,6.0539151633001085,3.7584289064732816,6.416962396944123,4.9030308310745685,7.245455201064706,4.979735953568311,8.39412439171511,12.085052884909613,15.19722225486676,14.255550784573266
Angle_43,0.0,3.4332765085330283,5.943755368023728,8.357926638145884,5.9669328598353495,3.600143842470891,6.045291432945545,4.589782591485807,6.99561273094403,4.795630612760459,9.623025844614157,12.351261545172534,14.622863649587062,13.674496375481525
Angle_59,0.0,3.1780452532764745,5.613439923115085,8.056770084441293,5.965511025407289,3.6765056357278283,6.266784167182482,4.824278892968381,7.3394480555490205,4.912563159182653,9.187312557420954,12.922628037323037,15.13269934382892,12.924013864576578
Angle_3,0.0,3.6444075977440233,6.1812692650926415,8.583921534141153,6.001023732623782,3.5016793491841107,5.7432840378842185,4.340514727115123,6.7550850101137065,4.968299273269507,11.023790357065424,13.934356877725664,13.822886822213915,11.499481415826724
Angle_83,0.0,3.0210045561293013,5.5148269286510825,8.065828197757638,6.072000338890081,3.7936261684335686,6.506761987721156,5.00209346616763,7.392724801190746,4.8697972168722,7.799755670602826,11.112657784580682,14.309992921550467,16.538929961452624
Angle_26,0.0,3.5687875249110563,6.100874859213122,8.507358030795064,6.014030419082808,3.5682401680368327,5.9128945643439685,4.4596111574683,6.756210201125041,4.7718221847418425,10.387091738286642,13.157068107378507,14.541948716194492,12.254062328422318
Angle_50,0.0,3.298099574087199,5.8021812234786925,8.26429852022773,6.044562610628109,3.6862393632903485,6.19077177797253,4.714947234264965,7.03363473734849,4.769654681713663,9.639096539096686,12.541580827087026,14.806070752802215,13.208862158002331
Angle_10,0.0,3.6663495080376722,6.205827592877164,8.556619833566124,5.9944919675588295,3.5147947677693456,5.746676789513518,4.333063824875747,6.777954332692023,4.897735946114549,11.78035877260209,13.2500173285799,14.042281067112858,11.23382826870018
Angle_18,0.0,3.6427398338512025,6.165488146001211,8.503092497070616,6.000364848453133,3.534434404628717,5.7757251120829824,4.351945654397784,6.756063809184733,4.929472303670803,10.71037064000413,13.003739321030992,14.373897406110963,12.252666023512733
Angle_74,0.0,3.1451588170772165,5.623631893351718,8.092370964065537,6.019298685815697,3.724222029658445,6.338921727176085,4.856051569869684,7.319279092808371,5.078125551631514,8.700447528963766,12.036005053246695,14.665190800286766,14.40129628604851
Angle_66,0.0,3.2339340029966044,5.71192744761865,8.146048712350249,6.003943941835122,3.698680871068541,6.28075465666804,4.806369856013144,7.216760250674515,4.894660782448671,8.661643850180587,11.772622081608008,14.53442319451345,15.03823035202441
Angle_58,0.0,3.311496911380403,5.793237465713598,8.211924759219594,5.9743185606921605,3.6465013111054487,6.168910856778709,4.7117583159993925,7.101255842696428,4.820221534916798,9.491188304858925,13.020423178864515,15.017932564954398,12.730830392819627
Angle_42,0.0,3.4950449118173896,5.9861778940918855,8.30542888380117,5.920957706153221,3.5463646130476336,5.908343218653347,4.505836714077913,7.0556583595366495,4.965593504742314,10.306462514395967,12.958553034445545,13.909201702703855,13.136376942533099
Angle_90,0.0,3.5608392129517137,6.001424151563977,8.265120049708168,5.912000916266104,3.5679291305012835,6.017106576668267,4.634760710832434,7.137695212642024,5.028822341581402,8.448047386927103,11.896572041503054,14.76240294142143,14.767279327433048
Angle_82,0.0,3.0840444826590825,5.5260683975700085,8.031896637819438,5.992770226333783,3.720215740141032,6.367406897903483,4.915698735204813,7.431845328076428,5.156252212881079,8.213185486945804,11.354728428657172,14.00695193494185,16.198935490866045
Angle_34,0.0,3.619999062382712,6.166193393545921,8.525389177956633,5.986017313242693,3.5338419189487817,5.8077159907515306,4.395456840091319,6.81110790836969,4.868194397093747,9.947847964528746,12.926112455746493,14.430412174403225,12.981711402938494
Angle_2,0.0,3.612741589992848,6.144135192843241,8.53030237880439,6.009308587785168,3.529691596539918,5.7930767637316904,4.3844565568014335,6.741276675546281,4.967364154624557,11.246175575774163,14.057597978047465,13.340280577173473,11.643592372335364
Angle_9,0.0,3.5948049532035284,6.1204399313042925,8.505135314499158,5.984582433393313,3.5132263704160334,5.773877708489512,4.389403155424528,6.834640495235507,4.9626563245051125,11.337617831175985,13.970180932073527,13.616215058623329,11.397219491656168
Angle_65,0.0,3.073722182376775,5.507575826391194,8.05016203134268,6.068781909123424,3.776650442160824,6.4436841422537565,4.938110740324089,7.293451147874758,4.788854527772937,7.990894330897198,11.729650056508653,14.738071889633096,15.600390773340587
Angle_41,0.0,3.4207778580982664,5.9288015410989034,8.346106888107876,5.996437629277206,3.6086576041585343,6.042296552781362,4.607110381774898,7.018656319815586,4.849296478792626,9.351044841860547,13.214500922133839,14.00935582995961,13.606957152140724
Angle_25,0.0,3.5961446087687685,6.124339705075853,8.491475650698384,5.9926689180144574,3.5449091179558563,5.85366755132212,4.423164641127652,6.7598858120372425,4.847731887631256,10.223781613887796,13.498355401633185,14.937195129334798,11.706679962512624
Angle_73,0.0,3.0618408033656532,5.520815387015218,8.085422724286857,6.0645072731883,3.776286698725252,6.456028203947578,4.941286605748154,7.418620223267043,4.863003003549835,8.470257494438883,11.82283572198282,14.424493216449529,15.094602644034884
Angle_49,0.0,3.336269067683609,5.8447769067123625,8.240567087861326,5.9557216842853125,3.629158998047017,6.128145206554238,4.710048642667763,7.107036411962514,4.778172655958928,10.226966777305783,12.669198293097446,14.45958489239946,12.914353375464248
Angle_89,0.0,2.8345475852681505,5.253346435340078,7.8505326026252975,6.044808959149871,3.827982135360327,6.693069703921885,5.198448206504578,7.544829647292367,4.8720489621863114,8.273066478663207,11.3852375107455,14.883018021142087,15.339063751800357
Angle_81,0.0,2.9956840596125507,5.490322004543729,8.070897757650723,6.027954862671832,3.754545265223233,6.4752023666908975,5.024829690706508,7.480245797040667,4.954968264846807,7.850535577621763,11.607466668499628,14.244464661373597,16.022883023518062
Angle_57,0.0,3.333578216807931,5.811193141330005,8.177532416657156,5.9306004642109285,3.608571706049788,6.0977246843339685,4.6775769534747855,7.1139299832778295,5.002214078355265,9.234287981309716,12.29975279022534,14.813222693050545,13.899814890916732
Angle_17,0.0,3.6261618805939313,6.145241456258018,8.45175976371173,5.926986876439768,3.496038704575346,5.764969701439058,4.3714141686613415,6.8174154010412025,5.016625011209851,10.747669998235418,13.304762541988818,14.226298300772545,12.104656195072984
Angle_33,0.0,3.648687087318235,6.1552265561435044,8.428029881058,5.910760336227102,3.5086073923230003,5.793457914209956,4.376822728234286,6.827495728400862,5.048915988574539,9.912566347663557,13.202759850293136,14.850431892406249,12.336238297147592
Angle_1,0.0,3.658742665388409,6.19138404809338,8.535201387563362,5.997114103592929,3.513381560208966,5.739531360835809,4.332490986134247,6.729905830910375,4.943473161563733,11.733364599616994,13.694741693827627,14.104915375240333,10.82575322702385
