Image name,0,0.063,0.125,0.17999999999999999,0.25,0.29999999999999999,0.35499999999999998,0.42499999999999999,0.5,0.70999999999999996,1,2,4,8
R10_A1.jpg T=120,1.2874859308083233,4.621229854545011,5.297062098271779,7.216695324115271,5.137978710006876,4.71104023840027,4.091532012376431,4.346585366732118,7.608713687998012,4.23100895199733,13.537833973820437,19.94423154613957,14.899819230056085,3.0687830747324996
R10_A1.jpg T=135,1.317448813758462,4.834109327322525,5.513745143849127,7.505212052537104,5.3422913166697565,4.844438088603701,4.115571569066308,4.269867430652444,7.131172297134629,4.078214274408148,14.641633443562707,21.63148436097796,12.00344012558627,2.77137175587085
R10_A1.jpg T=150,1.3119532330963846,4.754461837618601,5.376886017270653,7.345652777175525,5.2381495941023575,4.743248071364546,4.050742763905388,4.25278404120812,7.441595111987254,4.141338715394202,13.649526795047127,21.363782113976235,13.20796383302686,3.1219150948267544
R10_A1.jpg T=180,1.6084880644129214,5.604370692899823,6.131489716816707,8.096584670937819,5.467428667027487,4.683849506336454,3.7261805975226174,3.6588324880376435,6.23749045115847,4.1195450214709215,22.417094922308745,19.200037235358558,8.210924406476224,0.8376835592356129
R10_A1.jpg T=210,1.2706697468292685,4.605318144797037,5.256065709527996,7.273037270773061,5.2219011210183375,4.7794617980464285,4.1186269641538535,4.373749748215174,7.560678911980598,4.127872662517007,15.12493395007722,20.808725388262847,12.482939478161581,2.9960191056396104
R10_A1.jpg T=225,1.2608219321847849,4.6051681485621225,5.2979567316973935,7.347464382457613,5.277420450370078,4.840927656810943,4.157683353342398,4.358262162903303,7.4699692104029465,4.178858312111167,15.571643136069536,20.780749405129946,12.136071641667495,2.7170034762902797
R10_A1.jpg T=240,1.057971911490566,3.990959295783604,4.7549925046941315,6.882325183794039,5.241598445845174,5.040798804544633,4.503996334562585,4.840538282915334,8.16828999722352,4.0251057562933585,13.254702421204705,20.588764901941463,13.709320464841776,3.940635694865101
R10_A1.jpg T=270,1.1379183991048831,4.2317207919358735,5.212566854556788,7.6265519622339175,5.724466740807098,5.343834596412116,4.5469602705662595,4.551290990620863,7.06005342802019,3.937554780063622,19.91845353455245,19.487050260577817,10.259081377470098,0.9624960130780176
R10_A1.jpg T=30,1.2713816199329635,4.607338777611717,5.257429848789061,7.273588699468268,5.2214559810823165,4.7785013250635,4.1174208483522,4.37230713568607,7.559124687752908,4.1285775871539485,15.125019878484066,20.80869764963867,12.483044328806994,2.996111632177327
R10_A1.jpg T=300,1.2845698807167898,4.6232982366417525,5.299474258576131,7.221658193853115,5.143396773296867,4.722613265872163,4.1009721073722565,4.347692373169179,7.586102488910116,4.213905967583607,13.546103745506432,19.76351850978675,14.999792779427626,3.146901419287213
R10_A1.jpg T=315,1.3181065211547227,4.835387063359693,5.514239670588242,7.505482771944528,5.342356513423124,4.844406714057164,4.115406789059323,4.26948786774219,7.129949597335057,4.077373343862502,14.642306894029758,21.63129907019263,12.003067202230547,2.771129981020509
R10_A1.jpg T=330,1.3122717648555402,4.754850872827335,5.3769834138289285,7.345687048085224,5.238142329131712,4.743221329554418,4.050690156040603,4.252680352280716,7.441245035661018,4.141114113565645,13.649559975181008,21.363923130971784,13.207803167015506,3.121827311000568
R10_A1.jpg T=360,1.614320528955847,5.619667312291757,6.139484959910648,8.097531578946928,5.463115893569022,4.677244891407352,3.719689592921096,3.65280698298702,6.236709858433228,4.1255448621318935,22.572692945769987,19.078416629804014,8.163796093377401,0.8389778694938002
R10_A1.jpg T=45,1.2605510142265617,4.6046491784946575,5.297756544639613,7.347352236973398,5.2773847720052665,4.840928179976389,4.157737168979734,4.358403949653007,7.470476627542918,4.179210403128701,15.571468412092244,20.78085442557419,12.136079063426967,2.717148023286361
R10_A1.jpg T=60,1.0684135355216082,4.021992049587499,4.770579850983904,6.8770619713259125,5.226623436180917,5.015893719203589,4.473068680990341,4.808338482565712,8.145786190848659,4.062671852323115,13.306099024466635,20.52090113945761,13.774639594163075,3.9279304723814192
R10_A1.jpg T=90,1.1350087293824818,4.221935574553551,5.206900678479874,7.627277264886128,5.728549017308363,5.351198945888854,4.553716685994697,4.556139271589268,7.0611832132851395,3.9363593560623618,19.910386724738988,19.38456776965282,10.349353167306322,0.97742360087116
R10_A1_InB.jpg T=120,1.642085974650008,7.809631740777956,5.707856359537883,6.8360072705306765,4.512695960529153,3.92577162793327,4.319171518329994,3.3539049646953667,6.003728816103795,4.403439922724806,10.660251245678001,21.961681145519513,14.391057794890154,4.472715658099413
R10_A1_InB.jpg T=135,1.821561624741224,8.567273686915794,6.063705012780835,6.966886044163082,4.429910738300029,3.7968226476727054,4.113934516613478,3.1472161680371107,5.7690755089099826,4.3925313237947465,12.089283592156026,20.825616248365193,14.47979949258736,3.5363833949624377
R10_A1_InB.jpg T=150,1.8215469283707333,8.465376152987687,5.945533873214165,6.747683790643612,4.2658110862796335,3.679595051576914,4.065122594805911,3.178224382515264,5.891861799935924,4.534055940078177,11.648398404813369,19.561227622253192,15.561589366179476,4.633973006345952
R10_A1_InB.jpg T=180,2.0942306883736213,9.458275047642132,6.494369082576362,7.241198032481781,4.4531676458379685,3.684791250673229,3.842789153252911,2.8279945997330063,5.050440302303349,4.1724747725613485,18.182790783858664,19.399005788838576,11.087756193947095,2.0107166579199656
R10_A1_InB.jpg T=210,1.7735434971235615,8.250547192417933,5.779380305025907,6.668056509386427,4.3565068453948905,3.7926193594928868,4.17922352638413,3.2424310148987487,5.934095966820418,4.563197379945737,11.605945127249722,20.063825525288827,15.411584363641506,4.379043386929308
R10_A1_InB.jpg T=225,1.7251689814804496,8.121156169939066,5.8163833937297005,6.835904227852831,4.448557088699611,3.843583681032485,4.20995652900275,3.2723828516720186,5.955592915618876,4.478542994355805,12.469670177053244,20.8618514871228,14.235454140097852,3.7257953623425313
R10_A1_InB.jpg T=240,1.6363525230966278,7.57758629872948,5.555476944141172,6.737195076426373,4.46027823989658,3.912933685954555,4.330616449802006,3.3816724500098436,6.218437944265353,4.579125799144978,11.81757424872425,19.71057507162155,15.70671800088328,4.375457267303942
R10_A1_InB.jpg T=270,1.7606946308036953,7.9868250083974575,5.997334905385102,7.284959096428938,4.7654652831516415,4.069234910335966,4.3261652373933535,3.1843182209486236,5.523506916208854,4.368737260988807,18.39398755281748,20.268938457463978,10.75517484795641,1.3146576717197078
R10_A1_InB.jpg T=30,1.7775535611716515,8.232245451330389,5.772217322476448,6.651958583897329,4.345686617236321,3.790063254660887,4.185956370166966,3.245752047457174,5.956338637502393,4.579722722833699,11.677592398647993,20.11401105860278,15.315379966197712,4.355522007818262
R10_A1_InB.jpg T=300,1.6418306079305791,7.8092562177750215,5.707768937899218,6.835982286597464,4.512717326816648,3.925792091366003,4.319252297192436,3.3540281899899687,6.004004834447732,4.403528988447559,10.660200488428655,21.96165514831366,14.391125641567486,4.4728569432275735
R10_A1_InB.jpg T=315,1.8209832876765533,8.566014175410213,6.063394683038507,6.966763811033816,4.429934702333366,3.796930170546966,4.1141775968461305,3.147506564170252,5.769900857820772,4.3931822660415305,12.088783448724964,20.82543454620113,14.480361599069871,3.5366322910859265
R10_A1_InB.jpg T=330,1.8189767759877464,8.455045768871743,5.953022580226264,6.741493083429388,4.271100626390971,3.6912917727763785,4.073874124192367,3.1799637941305816,5.884856478331746,4.523436702073828,11.711506227928682,19.594447190973195,15.46138097418766,4.639603900499436
R10_A1_InB.jpg T=360,2.094938601532677,9.452807230697397,6.487332675538457,7.238241610421834,4.452963917150448,3.6861064396648593,3.8447863340208612,2.82948559748308,5.056370035743697,4.171410841378799,18.3307910663672,19.420435967237328,10.94705163339876,1.9872780493645816
R10_A1_InB.jpg T=45,1.7247255649323419,8.120367786351817,5.816242030661512,6.8358982035252485,4.448609330173274,3.8436694100169952,4.2101327842561735,3.2725804110522128,5.956077602404692,4.478943743748721,12.46913270157528,20.861703294096362,14.236346804175609,3.7255703330297534
R10_A1_InB.jpg T=60,1.6363258578198103,7.577634702749942,5.555545932980085,6.737264646888916,4.460335002640873,3.912961855682545,4.3306280757173665,3.3816762003786898,6.2184278338110826,4.579027185769009,11.817688958453735,19.71072329500993,15.70664756925786,4.375112882840144
R10_A1_InB.jpg T=90,1.7615493634066528,7.988164536663983,5.997310822710839,7.2839316135331424,4.767305714350245,4.0703198037022075,4.325904565030817,3.183057298731382,5.522401133884599,4.369891980889852,18.437021981825787,20.282515327575272,10.705533617362327,1.30509224033288
R10_A2.jpg T=120,1.7933036924671684,6.271232268446799,4.473079955317002,8.343166771425055,3.744935448656926,4.967520978363892,4.117970449837108,4.263924488608549,6.2173448852852795,4.180734662790814,13.55356688378582,20.568271681083537,13.461117170831516,4.043830663100533
R10_A2.jpg T=135,1.8646354471677602,6.572392510474671,4.6787789125809365,8.69145662814403,3.7985240032189913,4.882562497795762,3.972996299632572,4.055906296498844,5.885895307485616,4.176895219002433,13.512138965278675,23.70664335252304,11.668338713699086,2.532835846497579
R10_A2.jpg T=150,1.7310659103576458,6.135137666417275,4.4328734276486985,8.39771258742635,3.7459029362689615,4.926095696878349,4.102855546960072,4.263959208067466,6.2947797553796585,4.2537101043798025,14.133140268740187,19.221093969587407,14.573166782860408,3.7885061390277213
R10_A2.jpg T=180,1.939645632713857,6.685954152428117,4.812782803413207,9.044838415204195,3.942691212410612,4.9844439535855845,3.9302453005206575,3.8781442947769413,5.533539403542325,4.202415027001949,22.93798625947501,19.879738917569693,7.400138738482447,0.8274358888753944
R10_A2.jpg T=210,1.7464254488876496,6.127555038869832,4.416109641715672,8.327949247396202,3.716335680872535,4.867931827582474,4.038456473187463,4.23383386221997,6.307736114659615,4.328478044466351,14.173557087371242,20.697396386119724,13.454891971973375,3.563343174677913
R10_A2.jpg T=225,1.7657468293595002,6.315368094132251,4.570458102740388,8.581593663137145,3.8446554229055145,5.070662175619276,4.178279968325706,4.234285177717152,6.012117457362616,3.993847987002431,14.606580050989525,20.042162630159083,13.44916060772125,3.3350818328281515
R10_A2.jpg T=240,1.8044660365097984,6.3145959362530455,4.45154550765262,8.325777601227871,3.724840431678668,4.929284587460939,4.1249118373367635,4.296065684902488,6.287452601629242,4.154379414370584,12.921613858601296,19.765648879623747,14.855536281683447,4.0438813410695005
R10_A2.jpg T=270,2.033251471240259,6.938036621245028,4.851346860208571,8.97790764044179,3.9036712781003393,4.978182204979219,3.9669620691827023,3.9148786202652377,5.547868697129098,4.003604873012081,19.660986846835765,20.300387281801385,9.822280990666284,1.1006345448922412
R10_A2.jpg T=30,1.7464757770121586,6.12763366260371,4.416126316972068,8.327955812450035,3.7163339514326528,4.8679311436300186,4.038444234429244,4.233799952331709,6.307690464934457,4.328490668195701,14.172845230826967,20.697079614142094,13.455870751986932,3.5633224190522528
R10_A2.jpg T=300,1.8118605382773367,6.328750083529941,4.497963164075168,8.357467526698843,3.7350472145193367,4.9393860696694025,4.0861099990666805,4.236831594706571,6.2115142458456365,4.187537863164752,13.440464204461305,20.661697929290078,13.527740203540336,3.977629363154621
R10_A2.jpg T=315,1.8647439141062103,6.572604956458759,4.6788194523025854,8.691457636925211,3.798507460255665,4.882522372543733,3.9729471831737375,4.0558289753541,5.8857281279794,4.17676698958499,13.512527787173786,23.707225414639893,11.667347751609993,2.5329719778919366
R10_A2.jpg T=330,1.731120179173086,6.1352211098321225,4.432892375206646,8.397736248720577,3.7459085187383288,4.926097973324288,4.102864460977308,4.263959190694919,6.2947372083627675,4.253706964888527,14.133120168386052,19.221351460772386,14.572835473694234,3.7884486672287423
R10_A2.jpg T=360,1.9396886901000352,6.689317653706844,4.814924075515972,9.04622822744156,3.941588897365036,4.982210338474872,3.9274633465416833,3.8751695119994753,5.5307854403721874,4.202768244795426,22.929220856441106,19.880618997599004,7.3879950598044575,0.8520206598423502
R10_A2.jpg T=45,1.76583269057191,6.315537383849398,4.570493138476934,8.581608682569279,3.8446493801448662,5.070646722919259,4.178261315098704,4.234242069360496,6.012003265094164,3.9938167946642102,14.606446151984649,20.04192077295139,13.449418786981644,3.335122845333085
R10_A2.jpg T=60,1.7921532450901636,6.274548897536019,4.437630365655706,8.324751490371991,3.731234584772552,4.9462341050440495,4.144662046471243,4.318142588213707,6.291987510801894,4.1260833294992265,12.976952340538626,19.80481760604882,14.788157225265214,4.0426446646907745
R10_A2.jpg T=90,2.0325446945877497,6.9342663758899725,4.848076290377249,8.977804777509059,3.9052918156887486,4.981002998050066,3.970685651029623,3.91958184606446,5.5507309224081816,4.00171001034632,19.568881939849245,20.353101654371628,9.867214129174704,1.089106894652995
R10_A2_InB.jpg T=120,1.5885275050736107,7.529662717886247,5.481607369717666,8.130977644061367,4.25372254339457,3.70582748888648,4.0899580234308,3.96109576758407,5.692928537531691,4.479979123647476,12.518214711631785,20.63422140322863,14.53622037269484,3.3970567912307663
R10_A2_InB.jpg T=135,1.6858756974098494,8.053970741725616,5.742333121611183,8.278091334101138,4.231662017219988,3.6210764680959215,3.9219436055563617,3.7406752821159976,5.362047387218229,4.310712815638226,12.767405957883325,19.2634999084411,15.441432732746488,3.579272930236583
R10_A2_InB.jpg T=150,1.6855558760727207,7.98478264040942,5.636734466773541,8.079181818337867,4.119130129088766,3.5174681333599533,3.872767375563696,3.7784870961516703,5.4821960218710535,4.389044631859586,13.08389994047235,20.263379428879357,13.58694508661814,4.520427354541865
R10_A2_InB.jpg T=180,1.9844589394123835,9.058282605183473,6.187695442978967,8.733919384698446,4.289775926891696,3.499782829072768,3.605722616490836,3.280028936111536,4.696723435551749,4.189165882639555,19.542698837968626,19.96610462794948,9.856192183280283,1.109448351770208
R10_A2_InB.jpg T=210,1.7093882919432657,7.923409312237402,5.514965146893978,8.056125609857729,4.167945494249839,3.565401330971595,3.9090349591201887,3.818119304674805,5.583318500952597,4.327870183756552,11.764014150338236,20.446244485380078,15.331686681656802,3.8824765479669336
R10_A2_InB.jpg T=225,1.7204364573506432,8.015121790014351,5.586810081119869,8.115153463261713,4.2115601062552805,3.634141218552899,3.9380134284836656,3.7823284438451767,5.53058697211066,4.516558700824142,13.111358216485753,20.21120836971783,14.133737015961692,3.49298573601632
R10_A2_InB.jpg T=240,1.5816041565637915,7.365303097908432,5.309056534530092,7.974752981835065,4.182449917704477,3.692246237425852,4.138522998654283,4.017456492026195,5.879987352390717,4.671542143660608,11.81644404148476,19.59088979060898,15.053192389452622,4.7265518657541215
R10_A2_InB.jpg T=270,1.7004251879500554,7.705876873511381,5.674009612961375,8.595857277251898,4.4794410496803225,3.802614778205154,4.035641656204133,3.7529599503226487,5.375060101058476,4.468118025053589,18.48408281566181,19.361767485749628,11.471145806047824,1.0929993803417182
R10_A2_InB.jpg T=30,1.7062824634347038,7.930484059283126,5.51344768503106,8.037572521652116,4.170097032793214,3.5759156642088787,3.919677307938305,3.8225547329920673,5.5829502643828555,4.319000570548819,11.855545163239519,20.541823292573,15.170059700640365,3.854589541281997
R10_A2_InB.jpg T=300,1.5887136730917095,7.529941423694058,5.481673150074951,8.131006330204817,4.253736315706064,3.7058098045758174,4.089886935281593,3.9609747174470495,5.6927304167675175,4.4798010248564255,12.517956246366337,20.634162126121925,14.53633342858223,3.3972744072294856
R10_A2_InB.jpg T=315,1.6863274292031585,8.054926913638315,5.742591086667447,8.278256507095113,4.231662032125005,3.621007237130757,3.921775516444725,3.740394554278212,5.3614107880421855,4.310169483535892,12.767885561075804,19.263800286493737,15.440414417151672,3.5793781871179755
R10_A2_InB.jpg T=330,1.6813477507086498,7.972983079445374,5.6442792786125535,8.086862548006323,4.117798446242838,3.516536061095056,3.867947429647345,3.7771895950470737,5.4933208935590745,4.378732687262721,13.132400783654068,20.24251633231589,13.59026276037956,4.4978223540234685
R10_A2_InB.jpg T=360,1.983335099235078,9.055855943472187,6.1890625400234445,8.736456351346824,4.290587832617565,3.4998361722054097,3.606551029200558,3.281150912224314,4.699892749815622,4.195092510419821,19.615132534603134,20.02178155290445,9.729240984121015,1.0960237878105707
R10_A2_InB.jpg T=45,1.7211083079895737,8.016495457889759,5.587148843605635,8.115306429148763,4.211517857242183,3.6340096763612366,3.937742209431592,3.7819246426835056,5.529711841963186,4.515856920245352,13.111819812551634,20.210651435718813,14.133878233990545,3.4928283311782287
R10_A2_InB.jpg T=60,1.5819030814629949,7.365653203678392,5.309097933194669,7.9747370802036075,4.182411030324813,3.692192159783835,4.138434590453069,4.017334678545256,5.879729830388311,4.6713346668130695,11.81656183469198,19.591200316267074,15.052778340205018,4.7266312539879145
R10_A2_InB.jpg T=90,1.7029912258362776,7.713284190548606,5.675953597881604,8.596615162828005,4.4798030197281,3.8025575860864,4.0354814335584335,3.7530368618257683,5.371455822076719,4.467321862985567,18.583540147349172,19.504305463889338,11.249585249227989,1.0640683761780243
R10_B1.jpg T=120,1.7896630621519822,6.325053169443756,6.339389166656942,7.452800807092871,3.230403137701522,4.2272579641280625,4.680383913463593,3.6673946921195983,6.2605442345489415,4.605470012246363,12.249291741338597,20.162310843773238,15.044592550225115,3.9654447051094097
R10_B1.jpg T=135,1.8585203487616528,6.609543983292402,6.51190955189791,7.573939568389107,3.2765280329644013,4.2683934756820205,4.674353032822721,3.589996514266485,5.960588606128281,4.4551841309963685,12.678974997935025,21.214594737637558,13.381658150202105,3.94581486902396
R10_B1.jpg T=150,1.8951215409703648,6.618264564785818,6.379413997820972,7.512294848396938,3.2588539527579314,4.241792834560897,4.675212362056697,3.6352310436539192,6.119825598033684,4.4982192236625975,11.490499160065124,21.5650162074019,14.443217529083604,3.667037136749565
R10_B1.jpg T=180,2.1208309884790086,7.162818759457843,6.979729157052045,8.173323658217425,3.4635530838673976,4.36671154918579,4.563260858229696,3.312472909683991,5.277322172743818,4.107026844956971,18.577242805521095,19.51572633448857,11.202486768331342,1.1774941097850018
R10_B1.jpg T=210,1.8955528353632718,6.519793547262303,6.3736313305140255,7.46961327068612,3.2579446470491535,4.2431496633538925,4.669210074062988,3.633459899738568,6.107195829225009,4.527697315445813,11.156990345531662,20.127178858561106,15.671848359532671,4.346734023673416
R10_B1.jpg T=225,1.925057563145573,6.65857596078427,6.46152490802484,7.6424756742260325,3.320232788147665,4.267395382950358,4.613079624986192,3.5680926114523928,5.95451332585703,4.333899048297448,12.995395942578995,20.368902992423912,14.181914269160574,3.708939907964693
R10_B1.jpg T=240,1.8512651138005007,6.516352723424583,6.386413897120388,7.517145798730635,3.2804734720533637,4.241701249022902,4.638947082276287,3.6228194676762597,6.091877867169367,4.370397719443835,11.817827914513044,21.163537323712962,14.316120586067422,4.185119784988448
R10_B1.jpg T=270,1.9979248946640973,6.8357934970475975,6.858159363755162,8.000521612503347,3.392111590726679,4.305119960423006,4.56678700064221,3.4142168186467106,5.593167339886805,4.4790422105727785,18.99877531868997,19.851388527695104,10.51250316775547,1.1944886969910642
R10_B1.jpg T=30,1.8985499509061536,6.533214963185022,6.361347792753751,7.475160596395043,3.2662325068675333,4.251664981503083,4.664642700123582,3.627349424954518,6.0935491795097425,4.526898187712411,11.051276354719674,20.15740254258349,15.755472942160466,4.337237876625527
R10_B1.jpg T=300,1.7896447781874647,6.325053917887032,6.339415461815598,7.45283716862723,3.230417479941368,4.2272745758382735,4.680390128073626,3.667396796725805,6.260539371440276,4.6053934998575885,12.2492732718948,20.162289834669487,15.044618839156294,3.9654548758851615
R10_B1.jpg T=315,1.8584342034241927,6.609399964837186,6.511871307431314,7.573932827956378,3.276538658698146,4.268414663463607,4.674373984924453,3.5900384045029226,5.960684005451302,4.455275799899082,12.678803037574932,21.214497060765872,13.381978307936812,3.945757773133816
R10_B1.jpg T=330,1.8927038785904589,6.611784608530611,6.376947234735613,7.510600761171273,3.2573203208752326,4.241111271571143,4.668680682193556,3.626139627840742,6.137490477658568,4.505055703329432,11.588150220669956,21.555264590945626,14.389890987554214,3.638859634333583
R10_B1.jpg T=360,2.121789644919739,7.1650393126795136,6.982038209832475,8.175424814988785,3.4672403360644206,4.368973553139344,4.563569709124684,3.3125418008805387,5.279416813231934,4.103917321361231,18.384858394960638,19.86296705580573,11.064427983098463,1.147795049912498
R10_B1.jpg T=45,1.9245180525307068,6.657561801680791,6.461155317831363,7.642327940748854,3.3202502044390765,4.267496583794071,4.6132925848606625,3.56836419355393,5.955252873658898,4.33446215246451,12.995029661847171,20.36906559232161,14.182040180145467,3.70918286012289
R10_B1.jpg T=60,1.8509519124494496,6.515971994699527,6.3863302341502175,7.5171244161758946,3.2804883391763435,4.241746095358524,4.639029522476721,3.6229150619218498,6.092151216942398,4.370617873950062,11.817758173571374,21.163517484616985,14.31622304385874,4.185174630651913
R10_B1.jpg T=90,1.996926315730436,6.834448873480243,6.858029302666483,8.005990341610083,3.3948757059203376,4.309142340448843,4.570641075990261,3.4158695871799325,5.5901885079739415,4.470343332446308,18.983247402197414,19.877457602255877,10.51417326525401,1.1786663468458358
R10_B1_InB.jpg T=120,1.7173539718305306,6.220498316067947,6.345601321726685,7.531686551908601,4.8571664642209385,4.200662263305643,4.518389023261177,3.3708427081930115,5.787831858451202,3.7335585345510696,12.502979133869017,19.915844122752198,14.611470636500515,4.686115093361466
R10_B1_InB.jpg T=135,1.893885554242529,6.883962951662713,6.692648941961343,7.656533495749437,4.772758999790414,3.975367633367254,4.2343567108386715,3.154726953150232,5.379177270922215,3.7660724917634414,13.923616051678472,19.57297138746884,14.605380880439265,3.4885406769651928
R10_B1_InB.jpg T=150,1.9299133610299664,6.970457999481697,6.7177510854694695,7.675538429552139,4.734330537088881,3.9493304776681977,4.215677789719539,3.1442415890486948,5.447179190068419,3.778495661184565,11.856048677731302,19.06982963913929,16.54059851757312,3.970607045244723
R10_B1_InB.jpg T=180,2.2631623804183807,7.805542352414353,7.284315289682622,7.990810715504883,4.748204672966091,3.8408597290140802,3.9229778932952297,2.7915069482958708,4.7439938506893515,3.636598679596223,17.949367940387898,20.00856273770961,11.901604303931437,1.1124925060939723
R10_B1_InB.jpg T=210,1.9793853085291333,6.9361987186450005,6.6337936552712105,7.540901362830763,4.807695699544858,4.082305958614305,4.300938888618687,3.1743830514082414,5.4959328524062885,3.640313571972831,12.192008692677975,20.478378148562587,15.18718269708758,3.550581393830536
R10_B1_InB.jpg T=225,1.9079294034896608,6.732845422200175,6.484532197256905,7.576437101281796,4.8117437841876285,4.066712986427349,4.346653811601482,3.2305775802105163,5.569939671668261,3.921556602178097,13.299543314955914,21.498391331673368,13.159949586907663,3.393187205961178
R10_B1_InB.jpg T=240,1.735030571939961,6.163020927776634,6.1274661657286815,7.332081252175965,4.824742877937794,4.185596004470141,4.535549075450702,3.4262127520234844,6.028310640619758,4.051103041723069,11.708006428062935,19.564900453266247,15.344691413069036,4.9732883957555885
R10_B1_InB.jpg T=270,1.8026012865136496,6.206663843472747,6.360796671499668,7.783002349948244,5.08806463487321,4.346284496177728,4.566618869700392,3.298586942025134,5.5939397429870965,3.9865698928618127,20.256296598209538,19.43342029418971,10.124845150941743,1.1523092265993369
R10_B1_InB.jpg T=30,1.9838281852885424,6.939466432363711,6.635915889206747,7.549590904371035,4.8140497262298565,4.083885872354834,4.288762949141941,3.1684366196533564,5.5136337025671365,3.619514008303773,12.201652780546182,20.394326233496294,15.227286165381804,3.579650531094788
R10_B1_InB.jpg T=300,1.7172945873725112,6.220427333675032,6.3455824914277015,7.531680930956298,4.8571642201321445,4.2006661148074285,4.518402958954658,3.37086638475717,5.787881447177949,3.733611562158075,12.502831884722188,19.91580005058479,14.611347944943356,4.6864420883306845
R10_B1_InB.jpg T=315,1.8937548246377347,6.883740247516509,6.692576331549957,7.6565064661086755,4.772769641495934,3.975393177902347,4.234407070544759,3.1547895454284296,5.379340962886717,3.7662069196540857,13.923455395717854,19.57293315767987,14.605540613818539,3.4885856450585937
R10_B1_InB.jpg T=330,1.9312609942830128,6.9471416858730075,6.711673931554928,7.6535058766759185,4.730357001884366,3.9564915436255865,4.2256153859106425,3.1528912883456166,5.462567112995618,3.8016788771115215,11.816714652530155,19.134523104396635,16.483247546135797,3.992330998677204
R10_B1_InB.jpg T=360,2.2654267811027,7.810099622410897,7.2885567156041215,7.9921199022527185,4.746819717448589,3.839915432208792,3.9225348661631285,2.7906423494240338,4.741776385703736,3.633694051183928,17.89158543135235,20.089159097008725,11.874791163313215,1.1128784848230535
R10_B1_InB.jpg T=45,1.9076166270558763,6.732311020843668,6.4843384235410895,7.576352922126032,4.81174278210791,4.066763445484405,4.346793892410625,3.2307548478647385,5.5703409046355965,3.921877287994224,13.299224360020007,21.498436579765507,13.160169229750144,3.393277676400174
R10_B1_InB.jpg T=60,1.734787158517516,6.162727554959095,6.127374914909643,7.3320354261386,4.8247439688958185,4.185628123531416,4.535615458166032,3.4262893634003246,6.028527595637377,4.051296184264384,11.707902733309766,19.564767159685367,15.344806899168784,4.973497459415877
R10_B1_InB.jpg T=90,1.8033982928421968,6.205887518216449,6.3582010756894025,7.777988513384909,5.0852962152134715,4.343988839131809,4.564869758192876,3.2988255135525413,5.597795881065997,3.993721553472008,20.33802472669737,19.46515950968673,10.027560896507936,1.1392817063462994
R10_B2.jpg T=120,1.8589082113544388,6.6112900860257335,6.554252100874884,7.5626811034996475,3.237799745091583,4.193287209016076,4.615155565385511,3.58765545840594,5.954438723623023,4.320908306832746,12.537490706698987,19.7711675272147,14.56956226388658,4.625402992090159
R10_B2.jpg T=135,1.96399209192396,6.969660234246542,6.739405015165612,7.782174328789171,3.3440730247850032,4.3045109596334745,4.583407584373573,3.4132295851867465,5.478888036065868,4.092496825593779,13.192881866026024,21.55572720957335,13.527139447073974,3.0524137915629144
R10_B2.jpg T=150,1.9612082387037169,6.836624523780638,6.610937064739593,7.690240832119309,3.295039523177911,4.23933016302021,4.618927385803871,3.5504143022101253,5.840718285509776,4.127501338556298,11.830355954508054,21.156321890972094,14.535618317986966,3.7067621789114455
R10_B2.jpg T=180,2.252093704173815,7.521151922885201,7.191004320599703,8.343140938571104,3.4909472707217906,4.317391242829123,4.40773853333933,3.1527371104088164,4.879693064732545,3.810853454245181,15.515872729811688,20.71111603824092,12.765607286685581,1.640652382755231
R10_B2.jpg T=210,1.9562580277966883,6.758473458812925,6.4615539580053305,7.563999158361094,3.270638399273338,4.231203019169913,4.623895535413701,3.5502959053513936,5.757836773712063,4.065829345785419,13.29742677873281,20.935922527625085,13.603606411536136,3.9230607004241067
R10_B2.jpg T=225,1.970084804451356,6.948021494950295,6.689873693279133,7.786675804808887,3.3318433121630915,4.26085015545922,4.572310721537058,3.4586667229201367,5.6100875109827815,4.0946771607692725,13.442250576894171,20.75771222085237,14.078295992618392,2.998649828313852
R10_B2.jpg T=240,1.8861277124985305,6.6342964288066515,6.525927149993905,7.6476050349693665,3.2878801198787424,4.248085029594483,4.657010605998941,3.5889805273373727,5.8825965488539635,4.126446687262335,11.816393593181276,20.758894113011145,14.90821295871276,4.031543489900524
R10_B2.jpg T=270,2.0428463201850127,7.057489617761066,7.078221592985373,8.209254740456734,3.422275839226516,4.272276484800716,4.440936250257527,3.2685354009382945,5.332038658510265,4.136913242196386,18.987847904275718,20.276401312224127,10.362640665188282,1.1123219709939882
R10_B2.jpg T=30,1.9625474379062584,6.766170714959791,6.473027501533996,7.577407318459119,3.2733846690412367,4.226143365940022,4.609757538606196,3.5387671819074904,5.756147363669906,4.0772174188688055,13.2334654866258,20.92716646743105,13.647599227329335,3.931198307720989
R10_B2.jpg T=300,1.8591046988593718,6.611524547038377,6.554304188780947,7.562711479426893,3.2377981405536933,4.1932658395193325,4.615114300428965,3.5876040125662896,5.954311646612022,4.3207647516959184,12.537268024326488,19.770846058174342,14.569870437326973,4.625511874690403
R10_B2.jpg T=315,1.9643254543472288,6.970275528323122,6.739633153330021,7.782283422618599,3.3440698116542515,4.304448062450205,4.5832602679756205,3.413044469902996,5.478435885000513,4.092143162207206,13.19316425541888,21.555570444408747,13.526947633448955,3.0523984489136566
R10_B2.jpg T=330,1.9677393118857105,6.851654772613513,6.6259448047973475,7.727719205309597,3.3015635409121855,4.235603775016064,4.606237605747967,3.5344274889468736,5.812310234999715,4.111154059345178,11.713760695061755,21.225017312198123,14.611266539633865,3.6756006535321166
R10_B2.jpg T=360,2.2495501988405766,7.511137470225616,7.183245805906878,8.333046149127762,3.486357698346787,4.313644460186277,4.407337066354188,3.1573720454326373,4.89198091595323,3.8194798280285913,15.546061166866062,20.47092357945513,12.959143647654418,1.6707199676218472
R10_B2.jpg T=45,1.9699455377188115,6.947786993100366,6.689812519938402,7.786671859930228,3.331858613468197,4.260881198870975,4.5723710005934635,3.458739958955078,5.6102614857611295,4.0947414552825965,13.442204079875472,20.75781474874481,14.07832442327281,2.9985861244876597
R10_B2.jpg T=60,1.885959514487724,6.6341017053388684,6.525887732945857,7.647580326469012,3.287891233003002,4.248108737926847,4.657039603589063,3.589018702120373,5.882716167690067,4.126505936871782,11.81669197186696,20.759319507532805,14.907720107114587,4.031458753043042
R10_B2.jpg T=90,2.043766347263481,7.058678121323887,7.076644137226339,8.206324577349044,3.421152189845309,4.2709203488745375,4.4397144898711804,3.268070408865736,5.333883784469066,4.138042771807927,18.972707295825085,20.318388928633198,10.339787010456137,1.1119195881890738
R10_B2_InB.jpg T=120,1.7369580251735672,8.30130872771178,6.128920211708131,7.2175412373322425,4.6393240815813295,3.944990798372879,4.243081525506069,3.2027256496833063,5.853327454379849,3.522433194475847,12.093527764245195,20.070487476419515,14.237410525162478,4.8079633282478085
R10_B2_InB.jpg T=135,1.8615191102480533,8.960208287304999,6.460858596209023,7.384822103048965,4.645005217792477,3.884130137761793,4.08008149424508,2.970195965739265,5.394210106073884,3.3778838486381635,12.088309406088333,20.825327152505093,14.264620770865822,3.8028278034790337
R10_B2_InB.jpg T=150,1.8203670351757333,8.736633208749133,6.264513911838838,7.2165062117651235,4.558216092333856,3.8774604927977663,4.160497227340935,3.1126884566200648,5.616844094807155,3.4615856764555297,12.023013760940087,20.223048962612808,15.0692409151654,3.859383953397556
R10_B2_InB.jpg T=180,2.152103932307708,9.983793904466923,6.934318358959272,7.599036637735798,4.597266300863992,3.726037460813637,3.7466921798204,2.6163029866820326,4.758162148763763,3.3052706554695384,18.496115101314906,20.30834352601273,10.408627094132077,1.3679297126572283
R10_B2_InB.jpg T=210,1.8991131135858488,9.050190124211527,6.308036889724628,7.210914882173481,4.55995544504345,3.839952624329405,4.052516194176972,2.9765067961034566,5.444628597909636,3.4379082634982927,11.668756304933614,19.254319227615074,16.11573271610956,4.1814688205850565
R10_B2_InB.jpg T=225,1.8421025825103483,8.888520175018403,6.339201642369993,7.309242414064003,4.647909772659512,3.9078882690231347,4.0970501111631705,2.9831239385877533,5.395175833626895,3.455186485094069,12.88553895772838,20.76426294707952,13.915105841664914,3.5696910294099244
R10_B2_InB.jpg T=240,1.7702237037744744,8.422078446645887,6.0847292490934874,7.081364174269245,4.559241434281034,3.9073262433513998,4.213497602462903,3.162398174547904,5.886863830550857,3.6981843771769576,12.381365528589376,19.264413619931005,15.110707598681504,4.4576060166439735
R10_B2_InB.jpg T=270,1.8476239087742816,8.53408011482832,6.431934496304631,7.686336579882708,4.917193973914003,4.120410813044327,4.214283583610397,2.9513300481794955,5.272770563272443,3.4884590699341778,17.031024620579117,20.62884019551884,11.558113837348554,1.317598194808693
R10_B2_InB.jpg T=30,1.8889470081606443,9.03343128897579,6.305525760256968,7.200415037899188,4.5607522178710616,3.8476178053329773,4.063409527246038,2.983834031645717,5.4487035542406606,3.4315639946253484,11.841030620952473,19.24387330144273,16.000477677961435,4.150418173388974
R10_B2_InB.jpg T=300,1.7368227148525148,8.301083979544053,6.128852965234013,7.2175029608909425,4.6393072160976745,3.944990695412699,4.243113241236184,3.202784749201299,5.853521784936165,3.5225408690194344,12.09348983345617,20.07048683953147,14.237360628729625,4.808141521857757
R10_B2_InB.jpg T=315,1.8612928629645544,8.959700373092934,6.460719491793362,7.38475158511612,4.645010979234394,3.884170058281317,4.080178279814703,2.9703127011403105,5.39456914643562,3.3781164439125204,12.088323119654325,20.825446002870773,14.264775766180675,3.8026331895083856
R10_B2_InB.jpg T=330,1.819867310049889,8.737195761267639,6.273418764465228,7.232938841664008,4.560549109516452,3.8776649949829496,4.155073562387287,3.1075307526939664,5.603210734224043,3.4547449489666966,12.042997027855025,20.285027436742638,14.997829130098756,3.8519516250854258
R10_B2_InB.jpg T=360,2.1536196460675616,9.98200681272548,6.936978649511981,7.603263959034795,4.598317624020589,3.728151073818105,3.748461702739705,2.616272475289418,4.7547837165865285,3.3020533808567785,18.440060784029075,20.23584813384389,10.522221296085846,1.3779607453902414
R10_B2_InB.jpg T=45,1.8414237562843567,8.887085634606526,6.338861783469262,7.309125309768344,4.647967158417264,3.908032913037169,4.097354580454368,2.9834791292117724,5.396118606465019,3.455754312671807,12.884321485135901,20.7641934979038,13.916137304369625,3.5701445282047795
R10_B2_InB.jpg T=60,1.7698239898453243,8.421531407969958,6.084633683750013,7.081348838094102,4.559267377165269,3.9073810156119206,4.213607290431427,3.162534348818689,5.887220787056672,3.6984109443130575,12.381425027736185,19.26440037832136,15.110710311166878,4.4577045997191656
R10_B2_InB.jpg T=90,1.8453161586597118,8.527806295193198,6.43314002982916,7.691207026580537,4.922253805500513,4.125522891371204,4.220378726116516,2.954657732903505,5.270967032393157,3.4835415868170565,16.946272384295956,20.765809905771448,11.521737642357786,1.29138878221026
R10_B3.jpg T=120,1.726965699852792,8.276078677544264,6.1230321270650805,7.138742792365062,3.0539041085814427,3.94261449624229,4.320908823185508,4.15122528449127,5.464251051512072,4.358419899345614,12.38878075366075,22.289069903358484,13.872227962080345,2.893778420715026
R10_B3.jpg T=135,1.819777331595435,8.623212432424229,6.2560305638292935,7.319954919810453,3.114788764269883,3.976806612637304,4.2992802759396636,4.0352518204411085,5.120251859664427,4.1496332756310155,14.386453173152695,20.792027091909357,13.299187328120134,2.8073445505750065
R10_B3.jpg T=150,1.8166198668531093,8.476814449322724,6.087824835748428,7.219924393021673,3.145688292764895,4.037307990405021,4.358529452677706,4.142307287097134,5.260473833417149,4.057038888466339,11.741332004693465,21.312673194384857,14.702752211403125,3.6407132997443887
R10_B3.jpg T=180,2.097892217175043,9.421201047267305,6.769223891917522,7.792749297086838,3.2539998175522777,4.018092959151065,4.084443566414664,3.617305558599357,4.449546550915294,3.9286058392740575,18.58691644047709,21.69090613769348,9.14220254271164,1.14691413376436
R10_B3.jpg T=210,1.8121368307741288,8.449871902915548,6.087333306498091,7.1889580244441875,3.119335651073939,4.009805155175615,4.353300971983762,4.140859921515763,5.278847523667514,4.151168525137614,11.189264728637175,21.32154455558872,14.434284594930697,4.463288307657241
R10_B3.jpg T=225,1.8226448459211548,8.631782992046174,6.263173226293969,7.364312342554531,3.1582600163076457,4.015988565911491,4.276867359213782,3.9750158060742002,5.053257880297238,4.10594646330613,14.454095163046007,22.462255800316033,11.613132739056175,2.8032667996554763
R10_B3.jpg T=240,1.7660224332758043,8.4344253007995,6.18199397175808,7.213512570203682,3.1106723693809952,3.9950849590055215,4.313293704337879,4.109155625087078,5.410970586935102,4.298835962129958,12.291031713412108,21.497636821803138,14.321718992151759,3.0556449897194016
R10_B3.jpg T=270,1.8666370996060282,8.80320738808594,6.642167358199887,7.68251437572505,3.225338917104457,4.053650263527442,4.21424880242186,3.787948112024048,4.813645881547081,4.220330110888888,20.101509021594808,19.95253751109805,9.691794726517413,0.9444704316590448
R10_B3.jpg T=30,1.808670919613098,8.433515263419446,6.082622527361204,7.1913611426046975,3.1291847473292176,4.027268119894614,4.369898757845618,4.146538241826915,5.26999102208995,4.138896795309717,11.273463254231446,21.392382482594467,14.297732243891074,4.438474481988535
R10_B3.jpg T=300,1.7268222071474202,8.275867888802523,6.122989967421019,7.138714490428871,3.0539036723197253,3.9426288055619394,4.320938075896026,4.1512657053687425,5.464365492178831,4.358558384722723,12.388795527305946,22.28910374176724,13.87212032193778,2.8939257191412207
R10_B3.jpg T=315,1.8195610125994688,8.622749135706622,6.255935857522122,7.319939458953723,3.1148043359128548,3.976852569962968,4.299374085058473,4.035396322016939,5.120485554787754,4.149827827277964,14.3864811970871,20.792157865599112,13.299054082688448,2.807380694826459
R10_B3.jpg T=330,1.808797088986736,8.466992762252044,6.093784926559818,7.224021515973508,3.1478223198887836,4.0552764272015835,4.385192928898055,4.1572559669871305,5.259580455124019,4.0157880364676455,11.669708729501725,21.42376315042672,14.688375289398648,3.603640402333588
R10_B3.jpg T=360,2.096749800415092,9.414608787811904,6.7653577091625525,7.787865306870043,3.2515070850007994,4.018070701518667,4.082823691213099,3.6145116358144236,4.454124195849798,3.9412945353217035,18.5466616984238,21.581491911962146,9.286530178937651,1.1584027616983297
R10_B3.jpg T=45,1.821989149448412,8.630319940834504,6.262811828520054,7.364187128003778,3.1582954395245366,4.01613187974128,4.277151527890975,3.9754601146170825,5.054080732084288,4.10658490048073,14.453438406806276,22.462521874300524,11.613527536554606,2.803499541192949
R10_B3.jpg T=60,1.7656597533767682,8.433896202710509,6.181887716377242,7.213474005723122,3.110683595477627,3.9951291413690178,4.31339803847029,4.109326209022318,5.411297217732608,4.2990645040915485,12.291072237051651,21.49756449371841,14.32177639179998,3.055770493078917
R10_B3.jpg T=90,1.865428295781748,8.797550345156614,6.6425751800244095,7.687404120063598,3.2272487265405463,4.05592262502047,4.216658118089085,3.7902147216450937,4.8155734068647496,4.217530360858379,20.106673762188755,19.916939168637448,9.718397532395539,0.941883636733572
