Image name,0,0.063,0.125,0.17999999999999999,0.25,0.29999999999999999,0.35499999999999998,0.42499999999999999,0.5,0.70999999999999996,1,2,4,8
R1_A1,0,3.7038664543839634,5.7774577342546634,7.3318553104922382,5.0563611305838734,4.5574613091145029,5.1906661683255422,4.1495093325487087,7.1437285655662928,5.6169177780524659,15.733605400085859,21.937005153438975,11.711892075592228,2.0896735875606791
R1_A2,0,4.4670442181131866,6.9900422279230963,8.8215591739605177,5.869869595380151,4.9934099694630927,5.208919817011437,3.746520125364436,6.6562182598080497,4.4194603822932006,21.068463743091577,19.034966502741391,8.7235259848498643,0
R1_A3,1.3954184046458398,5.0178559853966052,6.9160066040852728,4.9039533946660976,4.5247614271841341,4.0909450001438143,4.6958029060430944,3.7945685354209115,7.327058037968408,5.4947774198402737,15.289609313257955,22.142434872974157,12.205882669063586,2.200925429309847
R1_B1,1.024155489313622,3.9354720394283458,4.8858357600487592,6.9404821033997184,5.1308365589110663,4.8045313418564408,5.5813639842717926,4.421735532687352,7.5909669282791548,4.4318064413114513,14.990616400792312,20.248063578937256,12.976424136579221,3.0377097041835088
R1_B2,0.57018630450468377,3.1864392883810297,3.2754913256312408,5.3643493672372067,4.5061248961980382,6.2057200132855339,5.9573034821653685,5.120176632399569,9.7784939824901826,4.8437305058120304,14.417411277929885,20.484123708339258,12.961161205481682,3.3292880101442965
R1_B3,0.31523331733547949,1.8595753195910598,2.1397462485286902,4.9827952731929672,3.7845418884614346,4.344449182405552,6.2325478078498113,7.4855493715507979,11.671699330165985,5.9361081222830583,14.453405974462797,20.061870508920979,13.369371346463927,3.3631063087874553
R1_C1,0.97587813655741573,5.0762937251206477,6.0850256599827093,6.2701620504500042,4.5124285448628418,4.1733803824458722,6.0352577152125733,3.8353518469955485,7.2132357184867413,4.5454601439037727,15.043211722180414,20.252348198006089,12.76197044078627,3.2199957150091034
R1_C2,1.1252220851271468,5.7349282217784552,6.5008800102271689,6.4247648511454658,4.4748770680881442,4.0435134414027516,5.7298249880762908,3.5899166705109207,6.7984261399557511,4.422505548831059,14.756963448839128,20.487809452855416,12.862213001010396,3.0481550721519062
R1_C3,1.2196923782282316,5.9603349257747444,4.7600264072178042,6.1299228485019999,4.2865510011381227,5.2123839207820293,4.5193572027824942,3.6734662628576933,7.581582975081627,5.2096616900598089,14.273931761448553,20.775583612742448,13.029469250771173,3.3680357626132635
R1_D1,1.0233521287779903,3.8759215639351008,4.8793573116376106,7.1623056089157071,3.609513220987786,5.1488485522418541,6.0726647834518577,4.881382699236064,7.6645117619085328,4.4552442950793134,15.228147618195759,20.657595826287746,12.359591350880457,2.9815632784642196
R1_D2,0.58683079271508332,2.4043440473298432,3.3892850234552978,5.6838878692800421,4.8288255429357987,5.0354118776466876,6.5236366500109897,5.6885691971415051,9.3774106369248411,5.1507335574042008,14.7644452194452,20.75064446727502,12.664982396002218,3.1509927224332741
R1_E1,0.18087926591874223,0.97202549146663009,1.1504113785340677,2.4266868128642036,2.6295161048681246,3.4171162298525233,7.1273917544525247,6.4811060258502131,15.93393019872784,8.2465516369606728,14.001052223469955,21.021978307615814,13.120281450764411,3.2910731186542814
R1_E2,0.19442032188299768,1.0974473250233676,1.6698047596337671,2.5637825607847868,2.734530580059225,3.4948538264641464,7.1201070884661579,6.2911270814624567,15.928994408218623,7.4339270640684196,13.130539709108849,21.047889729220934,14.071130495042079,3.2214450505641929
,,,,,,,,,,,,,,
,,,,,,,,,,,,,,
,,,,,,,,,,,,,,
,,,,,,,,,,,,,,
,,,,,,,,,,,,,,
,,,,,,,,,,,,,,
,,,,,,,,,,,,,,
,,,,,,,,,,,,,,
,,,,,,,,,,,,,,
,,,,,,,,,,,,,,
,,,,,,,,,,,,,,
,,,,,,,,,,,,,,
,,,,,,,,,,,,,,
,,,,,,,,,,,,,,
,,,,,,,,,,,,,,
,,,,,,,,,,,,,,
,,,,,,,,,,,,,,
,,,,,,,,,,,,,,
,,,,,,,,,,,,,,
,,,,,,,,,,,,,,
,,,,,,,,,,,,,,
,,,,,,,,,,,,,,
,,,,,,,,,,,,,,
,,,,,,,,,,,,,,
,,,,,,,,,,,,,,
,,,,,,,,,,,,,,
,,,,,,,,,,,,,,
,,,,,,,,,,,,,,
,,,,,,,,,,,,,,
,,,,,,,,,,,,,,
,,,,,,,,,,,,,,
,,,,,,,,,,,,,,
,,,,,,,,,,,,,,
,,,,,,,,,,,,,,
,,,,,,,,,,,,,,
,,,,,,,,,,,,,,
,,,,,,,,,,,,,,
,,,,,,,,,,,,,,
,,,,,,,,,,,,,,
,,,,,,,,,,,,,,
,,,,,,,,,,,,,,
,,,,,,,,,,,,,,
,,,,,,,,,,,,,,
,,,,,,,,,,,,,,
,,,,,,,,,,,,,,
,,,,,,,,,,,,,,
,,,,,,,,,,,,,,
,,,,,,,,,,,,,,
,,,,,,,,,,,,,,
,,,,,,,,,,,,,,
,,,,,,,,,,,,,,
,,,,,,,,,,,,,,
,,,,,,,,,,,,,,
,,,,,,,,,,,,,,
,,,,,,,,,,,,,,
,,,,,,,,,,,,,,
,,,,,,,,,,,,,,
,,,,,,,,,,,,,,
,,,,,,,,,,,,,,
,,,,,,,,,,,,,,
,,,,,,,,,,,,,,
,,,,,,,,,,,,,,
,,,,,,,,,,,,,,
,,,,,,,,,,,,,,
,,,,,,,,,,,,,,
,,,,,,,,,,,,,,
,,,,,,,,,,,,,,
,,,,,,,,,,,,,,
,,,,,,,,,,,,,,
,,,,,,,,,,,,,,
,,,,,,,,,,,,,,
,,,,,,,,,,,,,,
,,,,,,,,,,,,,,
,,,,,,,,,,,,,,
,,,,,,,,,,,,,,
,,,,,,,,,,,,,,
,,,,,,,,,,,,,,
,,,,,,,,,,,,,,
,,,,,,,,,,,,,,
,,,,,,,,,,,,,,
,,,,,,,,,,,,,,
,,,,,,,,,,,,,,
,,,,,,,,,,,,,,
,,,,,,,,,,,,,,
,,,,,,,,,,,,,,
,,,,,,,,,,,,,,
,,,,,,,,,,,,,,
,,,,,,,,,,,,,,
,,,,,,,,,,,,,,
,,,,,,,,,,,,,,
,,,,,,,,,,,,,,
,,,,,,,,,,,,,,
,,,,,,,,,,,,,,
,,,,,,,,,,,,,,
,,,,,,,,,,,,,,
,,,,,,,,,,,,,,
,,,,,,,,,,,,,,
,,,,,,,,,,,,,,
,,,,,,,,,,,,,,
,,,,,,,,,,,,,,
,,,,,,,,,,,,,,
,,,,,,,,,,,,,,
,,,,,,,,,,,,,,
,,,,,,,,,,,,,,
,,,,,,,,,,,,,,
,,,,,,,,,,,,,,
,,,,,,,,,,,,,,
,,,,,,,,,,,,,,
,,,,,,,,,,,,,,
,,,,,,,,,,,,,,
,,,,,,,,,,,,,,
,,,,,,,,,,,,,,
,,,,,,,,,,,,,,
,,,,,,,,,,,,,,
,,,,,,,,,,,,,,
,,,,,,,,,,,,,,
,,,,,,,,,,,,,,
,,,,,,,,,,,,,,
,,,,,,,,,,,,,,
,,,,,,,,,,,,,,
,,,,,,,,,,,,,,
,,,,,,,,,,,,,,
,,,,,,,,,,,,,,
,,,,,,,,,,,,,,
,,,,,,,,,,,,,,
,,,,,,,,,,,,,,
,,,,,,,,,,,,,,
,,,,,,,,,,,,,,
,,,,,,,,,,,,,,
,,,,,,,,,,,,,,
,,,,,,,,,,,,,,
,,,,,,,,,,,,,,
,,,,,,,,,,,,,,
,,,,,,,,,,,,,,
,,,,,,,,,,,,,,
,,,,,,,,,,,,,,
,,,,,,,,,,,,,,
,,,,,,,,,,,,,,
,,,,,,,,,,,,,,
,,,,,,,,,,,,,,
,,,,,,,,,,,,,,
,,,,,,,,,,,,,,
,,,,,,,,,,,,,,
,,,,,,,,,,,,,,
,,,,,,,,,,,,,,
,,,,,,,,,,,,,,
,,,,,,,,,,,,,,
,,,,,,,,,,,,,,
,,,,,,,,,,,,,,
,,,,,,,,,,,,,,
,,,,,,,,,,,,,,
,,,,,,,,,,,,,,
,,,,,,,,,,,,,,
,,,,,,,,,,,,,,
,,,,,,,,,,,,,,
,,,,,,,,,,,,,,
,,,,,,,,,,,,,,
,,,,,,,,,,,,,,
,,,,,,,,,,,,,,
,,,,,,,,,,,,,,
,,,,,,,,,,,,,,
,,,,,,,,,,,,,,
,,,,,,,,,,,,,,
,,,,,,,,,,,,,,
,,,,,,,,,,,,,,
,,,,,,,,,,,,,,
,,,,,,,,,,,,,,
,,,,,,,,,,,,,,
,,,,,,,,,,,,,,
,,,,,,,,,,,,,,
,,,,,,,,,,,,,,
,,,,,,,,,,,,,,
,,,,,,,,,,,,,,
,,,,,,,,,,,,,,
,,,,,,,,,,,,,,
,,,,,,,,,,,,,,
,,,,,,,,,,,,,,
,,,,,,,,,,,,,,
,,,,,,,,,,,,,,
,,,,,,,,,,,,,,
,,,,,,,,,,,,,,
,,,,,,,,,,,,,,
,,,,,,,,,,,,,,
,,,,,,,,,,,,,,
,,,,,,,,,,,,,,
,,,,,,,,,,,,,,
,,,,,,,,,,,,,,
,,,,,,,,,,,,,,
,,,,,,,,,,,,,,
,,,,,,,,,,,,,,
,,,,,,,,,,,,,,
,,,,,,,,,,,,,,
,,,,,,,,,,,,,,
,,,,,,,,,,,,,,
,,,,,,,,,,,,,,
,,,,,,,,,,,,,,
,,,,,,,,,,,,,,
,,,,,,,,,,,,,,
,,,,,,,,,,,,,,
,,,,,,,,,,,,,,
,,,,,,,,,,,,,,
,,,,,,,,,,,,,,
,,,,,,,,,,,,,,
,,,,,,,,,,,,,,
,,,,,,,,,,,,,,
,,,,,,,,,,,,,,
,,,,,,,,,,,,,,
,,,,,,,,,,,,,,
,,,,,,,,,,,,,,
,,,,,,,,,,,,,,
,,,,,,,,,,,,,,
,,,,,,,,,,,,,,
