Image name,0,0.063,0.125,0.17999999999999999,0.25,0.29999999999999999,0.35499999999999998,0.42499999999999999,0.5,0.70999999999999996,1,2,4,8,,,,,,,,,,,,,,,,
R7_A1.jpg; T=120,0,5.0105392123303822,7.1386530292008974,6.3083857933439802,5.5494233910077124,4.8303101550532928,5.2849881458667918,3.0614782086336185,6.6794579020989691,4.5517703631945245,13.012290475768021,21.274177842028891,13.007321492584287,4.2912039888886548,,,,,,,,,,,,,,,,
R7_A1.jpg; T=135,0,5.1955310953592138,7.3575538219841121,6.4749754378758055,5.6250369305782542,4.8404731018760234,5.1743325732531433,2.9117481041776663,6.3155554635730375,4.5801598676670325,13.721456003349171,23.249867950763051,11.743354961915507,2.8099546876279859,,,,,,,,,,,,,,,,
R7_A1.jpg; T=150,0,4.9653026094002986,7.0934080322306752,6.3670049432080758,5.5177887809516015,4.7375374125722045,5.1363164354165285,2.982203917054683,6.5788907696825554,4.6839366605826331,12.239549590884733,20.795854684562627,14.385617213784625,4.5165889496687761,,,,,,,,,,,,,,,,
R7_A1.jpg; T=180,0,5.5931333710420379,8.000804140917321,7.0457453346156624,5.8925444560300324,4.8894517838669804,5.0667661278523486,2.733224796193968,5.6348690812309465,4.3245675748115051,18.886893989049,20.787271640411976,10.087909215511374,1.0568184884668479,,,,,,,,,,,,,,,,
R7_A1.jpg; T=210,0,5.1592197770259896,7.2496702309005823,6.3736885935193346,5.5161184198042381,4.7843147078479369,5.2028370394171102,2.9968375216204937,6.5675414810342403,4.4888174609662554,12.35890789840084,21.241912663539448,14.565152773784936,3.4949814321385757,,,,,,,,,,,,,,,,
R7_A1.jpg; T=225,0,5.2964993973198364,7.4535633425092875,6.5135243794815594,5.6582726602229885,4.8608214400451866,5.2228021341822126,2.9506106120728219,6.2119698574936963,4.3325706171892246,14.443097066521226,19.570278831231601,14.12961284718298,3.3563768145473798,,,,,,,,,,,,,,,,
R7_A1.jpg; T=240,0,5.1045393580863463,7.1783224884738335,6.2827999597391697,5.4732078998986982,4.7268055422766313,5.174112412545294,3.0088243773748777,6.6729674831287804,4.6504287894842022,12.683124844453285,22.653812285418958,12.965076161349893,3.4259783977700335,,,,,,,,,,,,,,,,
R7_A1.jpg; T=270,0,5.3706903236979819,7.7333566692034257,6.7134310834201765,5.7201231167972288,4.8660766656407324,5.179982546343175,2.8715993667985136,6.0875553603990404,4.6244318642377333,19.096148461312801,20.774761310357693,9.8411655282368589,1.1206777035546451,,,,,,,,,,,,,,,,
R7_A1.jpg; T=30,0,5.1559340242660072,7.2654625334986624,6.3676203061822019,5.5225268977201081,4.7891501035335047,5.1945503778353963,2.9864613564040763,6.5632893774494914,4.4975386252257614,12.445004126169884,21.222296033879275,14.518459598900535,3.4717066389351032,,,,,,,,,,,,,,,,
R7_A1.jpg; T=300,0,5.0105143716655807,7.1386596536943401,6.308410176824955,5.549444152116517,4.8303290637110123,5.2850024622648855,3.0614625807485045,6.6794359258123972,4.551735134015324,13.012403267563606,21.274409081475362,13.007158117477536,4.291036012629978,,,,,,,,,,,,,,,,
R7_A1.jpg; T=315,0,5.1953261312297974,7.3574148540114335,6.474926695560888,5.6250323655550183,4.8404904216349092,5.1743739095134647,2.9117872272987997,6.3156938083184899,4.5803338850777395,13.721287301231744,23.249945043193641,11.743433194303565,2.8099551630705046,,,,,,,,,,,,,,,,
R7_A1.jpg; T=330,0,4.9840970539785268,7.1018078117983876,6.3887233431172525,5.5333038832476165,4.7422272777295502,5.1463198382637731,2.9858207963519137,6.5406977540634337,4.6483125055087315,12.234828237811394,20.76335461950168,14.379053431790721,4.5514534468370407,,,,,,,,,,,,,,,,
R7_A1.jpg; T=360,0,5.587331332272309,7.9986096082049771,7.0449973719450627,5.8929795011277326,4.8921675780614002,5.0706032715615121,2.7337432040333383,5.6342946749202678,4.3239024026399253,18.857370642418228,20.732149222882519,10.169878829078684,1.0619723608540672,,,,,,,,,,,,,,,,
R7_A1.jpg; T=45,0,5.2968277862752364,7.4538054824981677,6.5136284261161244,5.6583017222613226,4.8607968106341017,5.2227286222515925,2.9505414400680148,6.2117082717745173,4.3323349654456331,14.443387178057167,19.570310519982872,14.129341537265267,3.3562872373699801,,,,,,,,,,,,,,,,
R7_A1.jpg; T=60,0,5.1046792152010028,7.1784377627270688,6.2828591512291077,5.4732453985356067,4.7268322299402765,5.1741225282614618,3.0088044688246121,6.6728615212536324,4.6503268022983377,12.682437541110904,22.653309020444993,12.966099662746613,3.4259846974263808,,,,,,,,,,,,,,,,
R7_A1.jpg; T=90,0,5.3700466085672378,7.7317789782075881,6.7143567234074775,5.7216517253533885,4.8648386512931241,5.1771814796772144,2.8709172189675831,6.0884108127211558,4.6257960161980254,19.221206958460808,20.729499810277211,9.7656378115859575,1.1186772052832286,,,,,,,,,,,,,,,,
R7_A2.jpg; T=120,0,4.7230951000700596,6.7006610411220064,7.8577462676042664,5.2127544529247603,4.4983838954217852,4.8970756748097308,3.7856080985288401,6.2345296097722986,4.5736598814596583,12.680192426302076,21.625037248118144,14.157854129887333,3.0534021739790465,,,,,,,,,,,,,,,,
R7_A2.jpg; T=135,0,4.8602640272393778,6.9142725363389594,8.0954486958763709,5.2670524456074332,4.5286377897587426,4.8730448625833436,3.6862730167876574,5.9937663175952611,4.5602664111170723,13.838927659385009,20.936152769559765,13.477054878378427,2.9688385897725631,,,,,,,,,,,,,,,,
R7_A2.jpg; T=150,0,4.7907873013285762,6.7676176440190972,8.0193102122474258,5.2158877273602187,4.4809539476463778,4.8908235891241016,3.7877114539238734,6.2429883200872389,4.5575489674837408,11.838062853382327,20.890999273112719,14.558843064826775,3.9584656454575335,,,,,,,,,,,,,,,,
R7_A2.jpg; T=180,0,5.2420426189189202,7.5271984947563055,8.7883308914709488,5.5299613255674194,4.6016505685585516,4.7716180845991785,3.4144604612558065,5.3055641408475118,4.2266454150259625,18.705777305455204,20.491250525560147,10.273074164373798,1.1224260036102387,,,,,,,,,,,,,,,,
R7_A2.jpg; T=210,0,4.8451491960067639,6.8086343227360979,8.0006040261512368,5.2293108307038869,4.4806197570575304,4.8691026331393612,3.7141720712622432,6.0485508147669629,4.5826974365191377,11.522111062820196,19.902996400337752,15.519457902170634,4.4765935463281936,,,,,,,,,,,,,,,,
R7_A2.jpg; T=225,0,5.0502912413212071,7.0613506461509559,8.1634842051249326,5.3305905172073986,4.5241974414005437,4.804418314299042,3.6219667755526137,5.8957757807730271,4.3989244844572939,12.348693763383348,19.782651481408177,15.263893613270525,3.7537617356509401,,,,,,,,,,,,,,,,
R7_A2.jpg; T=240,0,4.8941639373164803,6.8303321284527545,7.8588373765232848,5.0851470198771267,4.3900488988540136,4.8570638737277534,3.7802849684263791,6.2398839045518972,4.5620797019805881,12.686107586021414,20.01574284645644,14.978937018604247,3.8213707392076248,,,,,,,,,,,,,,,,
R7_A2.jpg; T=270,0,5.1141919319352009,7.2978545165697799,8.4556915258810488,5.3427126059514434,4.5055179387195805,4.7712719569515114,3.4995662912568788,5.6385369187728438,4.6435296138160105,19.653914914931548,20.896182951453657,9.1750005770009775,1.0060282567595171,,,,,,,,,,,,,,,,
R7_A2.jpg; T=30,0,4.8588478606216183,6.8116345521738353,7.9966344358042525,5.2188906038634535,4.4711343263031482,4.8645007819145487,3.718050481678064,6.0634475575086944,4.5865684972026548,11.541632679140134,19.992835587924294,15.420084561791672,4.455738074073631,,,,,,,,,,,,,,,,
R7_A2.jpg; T=300,0,4.7231830319124724,6.7007148493203452,7.8577820108248124,5.2127569757434582,4.4983841668069635,4.8970718779338531,3.7855879314311065,6.2344483845012437,4.573577933541241,12.680338717902243,21.625207888676663,14.157611460755739,3.0533347706498697,,,,,,,,,,,,,,,,
R7_A2.jpg; T=315,0,4.8605537528839173,6.9144700863853963,8.0955539738566884,5.2670664635695532,4.5286142450761977,4.8729787432318634,3.6861888458326328,5.9935118894549415,4.5600460858059622,13.839649783244019,20.936583298733964,13.476198497101709,2.9685843348231522,,,,,,,,,,,,,,,,
R7_A2.jpg; T=330,0,4.7905485621391524,6.7567013694762874,8.011757559983824,5.2107759039543584,4.4783999625711104,4.886781228433561,3.784667557640669,6.2544255392621526,4.564972589716688,11.924660504282176,20.974966870050668,14.460685092676465,3.9006572598129017,,,,,,,,,,,,,,,,
R7_A2.jpg; T=360,0,5.2438392455308245,7.5261230771279486,8.7878244159773011,5.5314087269704881,4.6023068207808873,4.7722434917263916,3.4144223198152885,5.307657501488606,4.2234057565194121,18.721533066743469,20.501874322665049,10.242810670615301,1.1245505840390368,,,,,,,,,,,,,,,,
R7_A2.jpg; T=45,0,5.0503946206541848,7.0613984468684245,8.1634914061995083,5.330583291856148,4.5241943746778839,4.804391185631772,3.6219373036012623,5.8957302426842197,4.3988782272632383,12.348772554277581,19.782363328419262,15.264178111306071,3.7536869065604432,,,,,,,,,,,,,,,,
R7_A2.jpg; T=60,0,4.8941439886599385,6.830294739872496,7.8588030010905667,5.0851231765767055,4.3900444449351346,4.8570731186500167,3.7802866522679288,6.2399090419057694,4.562142388511937,12.685968422025789,20.015600097626518,14.979169921761725,3.8214410061154731,,,,,,,,,,,,,,,,
R7_A2.jpg; T=90,0,5.1161994458331961,7.2990844372420369,8.4601698295636112,5.3464358681868811,4.5071168065238778,4.7697185652543865,3.4973346476021487,5.6314293204100672,4.6383189144115615,19.651041019912558,20.867098925682324,9.2128301644631101,1.0032220549142481,,,,,,,,,,,,,,,,
R7_A3.jpg; T=120,0,4.6204912096364437,6.7191242206933097,7.9510621101868724,5.2108711972632458,4.4856656604436305,4.8642376459354093,3.7229666741155079,6.5351368799492322,4.2666409326175962,13.90229904524271,21.318237055597049,12.570286639796398,3.8329807285225987,,,,,,,,,,,,,,,,
R7_A3.jpg; T=135,0,4.8331755013957167,6.9269962573890878,8.1341487807420378,5.2983731013392319,4.5247890392040633,4.8167795843794252,3.6094671317571634,6.313245365817088,4.3378225884510888,14.754740619934079,20.791124498598567,13.248992854581225,2.4103446764112082,,,,,,,,,,,,,,,,
R7_A3.jpg; T=150,0,4.6113476798892812,6.6646533022864567,7.9597036819064915,5.1757803882759479,4.455610740730358,4.8360003784866175,3.6768095926468982,6.4441305100956567,4.2987098439370843,14.252950484465392,20.842889911782819,12.765821427154028,4.0155920583429578,,,,,,,,,,,,,,,,
R7_A3.jpg; T=180,0,5.2026411276061033,7.4029289380495129,8.7062792950999821,5.5243826080696437,4.5610995521686997,4.6959026503211785,3.3631058892062184,5.6473422025162936,4.1394358370751023,18.750097993614983,21.626240889303027,9.1984330561327834,1.182109960836462,,,,,,,,,,,,,,,,
R7_A3.jpg; T=210,0,4.8747354044704645,6.862749740654035,8.0505623620402673,5.1905579129260575,4.4601791646311764,4.8183811390040976,3.6139657947695607,6.3297112456107589,4.2705894216788636,12.943607269748785,22.016837560422086,12.677302341453276,3.8908206425905778,,,,,,,,,,,,,,,,
R7_A3.jpg; T=225,0,4.9183227957073639,6.973179153284117,8.0439840283143464,5.2088879432949637,4.4345899854957231,4.754010988303599,3.5961221793888014,6.3601448111395049,4.3641330045245441,14.226081736279086,22.635158501116987,11.814318503830295,2.6710663693206573,,,,,,,,,,,,,,,,
R7_A3.jpg; T=240,0,4.7227067570635972,6.7686764593494964,7.9180815491132499,5.1330647944621655,4.4041539950060233,4.832756339039376,3.7175065369961033,6.5341818149059954,4.3248728914053034,13.814599458641588,21.607707962243008,12.877168841563515,3.3445226002105706,,,,,,,,,,,,,,,,
R7_A3.jpg; T=270,0,4.9074977262394768,7.2500815148232851,8.4262950267816379,5.3780472419476535,4.5547961855986534,4.8419136324835401,3.5332987975763923,5.9337134490988328,4.3773065557499979,19.795252796398934,20.996574359977625,8.9812925707537428,1.0239301425702361,,,,,,,,,,,,,,,,
R7_A3.jpg; T=30,0,4.8931854628235811,6.8642345596006331,8.0458972799716086,5.1912663491564466,4.4520769282138941,4.8067445481795037,3.6095753973028266,6.3169927982184975,4.266739903050718,12.946366524562507,21.742005104593684,12.803402659518659,4.0615124848074373,,,,,,,,,,,,,,,,
R7_A3.jpg; T=300,0,4.6203999518604721,6.719058539452889,7.9510089434953128,5.2108540739822287,4.4856621637814333,4.8642410402352771,3.7229771485157865,6.5351969297390244,4.2667414110667883,13.902402574531882,21.318405983326247,12.570078242516329,3.8329729974963422,,,,,,,,,,,,,,,,
R7_A3.jpg; T=315,0,4.8328869299707975,6.9267975043568102,8.1340364001995713,5.2983514915321317,4.5248070271984648,4.8168376367261843,3.6095453265373103,6.3135026436539992,4.3380090727934215,14.754553552341983,20.791042769152,13.249277187024887,2.4103524585124383,,,,,,,,,,,,,,,,
R7_A3.jpg; T=330,0,4.5926457817996864,6.639078763676733,7.9713115696761978,5.187796317977968,4.4562030145512219,4.8382113222049306,3.6911632170322859,6.4645399276905779,4.294932204672099,14.251498016878248,20.884151130592965,12.77153561473926,3.9569331185078318,,,,,,,,,,,,,,,,
R7_A3.jpg; T=360,0,5.2054302144752773,7.4114013443091498,8.7126567257691114,5.5255278786709132,4.5598615886426082,4.6953297505149258,3.3619482515737138,5.6438657090947677,4.1347179333612925,18.639053683308255,21.583807517115158,9.3270351542766576,1.1993642488881679,,,,,,,,,,,,,,,,
R7_A3.jpg; T=45,0,4.9184234268499818,6.9732549866838704,8.0440350717678744,5.2089035543311963,4.4345900658673161,4.7539955210422518,3.5960968043518458,6.3600659295559145,4.3640590544519897,14.225878183661996,22.635065047694177,11.815023198053787,2.6706091556878171,,,,,,,,,,,,,,,,
R7_A3.jpg; T=60,0,4.722711200909349,6.7686763865633575,7.9180728743724522,5.1330620533296631,4.4041514753194111,4.8327460655649404,3.7174944242904377,6.5341726332477972,4.3248744029059436,13.814714233847013,21.607960930505023,12.87703880439668,3.344324514747933,,,,,,,,,,,,,,,,
R7_A3.jpg; T=90,0,4.9028634681744858,7.2473776285238705,8.4238154766580635,5.3768860420963271,4.554907606125127,4.8453065013741679,3.536484362626628,5.9391086998205855,4.3770522983369045,19.854904073940283,20.992749269846648,8.9312745521096417,1.0172700203672913,,,,,,,,,,,,,,,,
R7_A4.jpg; T=120,0,4.9101987139440366,7.1295687078701153,6.3766225069292854,5.6472765144722477,4.8952689512278438,3.9904160500201762,4.0886659224682651,6.5759794029362979,4.5316576438470122,14.085480767357133,21.867472949021209,13.185850731319533,2.7155411385868531,,,,,,,,,,,,,,,,
R7_A4.jpg; T=135,0,5.1007740501466721,7.3166799758763705,6.4915725369921535,5.6590902701660895,4.8574866934641667,3.9150524803317808,3.950684746325277,6.4147879496743432,4.5490721484390875,14.446476256097393,21.620571421011366,12.553435243237242,3.1243162282380483,,,,,,,,,,,,,,,,
R7_A4.jpg; T=150,0,5.0678282074471133,7.3603794068344959,6.493909963244147,5.6370369914166698,4.9026414501816538,3.9899965430585249,4.0241761593655845,6.4166033726138805,4.3763458578741439,12.508501951057632,22.769845878024825,13.601034694753013,2.8516995241283269,,,,,,,,,,,,,,,,
R7_A4.jpg; T=180,0,5.6032759495972577,7.9957423456184866,7.0732735687807455,6.0218589321105975,5.0080808933120364,3.8660948527745487,3.6875754241622594,5.6608064346541616,4.1796430525016888,19.558177028849691,20.664196719928555,9.6426909316463103,1.0385838660636515,,,,,,,,,,,,,,,,
R7_A4.jpg; T=210,0,5.089976604430162,7.2426550464549626,6.4524682062989118,5.6728111490546702,4.8885637726109277,3.9846385937923263,4.0320860522500199,6.5271969743455704,4.5473580218690977,12.302486719145806,21.488573797849067,14.610321749098249,3.1608633128002293,,,,,,,,,,,,,,,,
R7_A4.jpg; T=225,0,5.2220021788675233,7.4937138748820447,6.6011143859331964,5.7360167453052,4.8728071967852493,3.9069816986368746,3.969362353825538,6.4520321363316775,4.416305307121891,14.308839111688382,21.547010302994085,13.052777777215445,2.4210369304129049,,,,,,,,,,,,,,,,
R7_A4.jpg; T=240,0,4.9004106923696282,7.1446780602516684,6.3744450189777764,5.6136596469554112,4.8882780263476286,4.035780568069665,4.1671744889911553,6.7547535514898476,4.4333684431867884,13.796264146489158,21.535266977092466,13.335252344656755,3.0206680351220609,,,,,,,,,,,,,,,,
R7_A4.jpg; T=270,0,5.1831147446492425,7.6634590356391277,6.788926537854084,5.8145426424514879,4.9424270410783038,3.9321299142417137,3.8857363213754703,6.1618080954301071,4.6103335030232317,21.392213363313129,20.708337364946178,8.1943285970039916,0.72264283899394088,,,,,,,,,,,,,,,,
R7_A4.jpg; T=30,0,5.0902577788041761,7.2734034261034335,6.4642664924776243,5.6761880971313152,4.8866468984643241,3.9823326063375597,4.0244016041919055,6.4907451082975971,4.5540624602975583,12.301595893411946,21.403727694508198,14.691024798379743,3.1613471415946122,,,,,,,,,,,,,,,,
R7_A4.jpg; T=300,0,4.9101240339866488,7.1295257188113652,6.3766096598206365,5.6472769665980485,4.8952736577524574,3.9904239870947928,4.0886806550179795,6.5760271908951662,4.5316793976471672,14.085515249191113,21.867492672511453,13.185805283892588,2.7155655267805745,,,,,,,,,,,,,,,,
R7_A4.jpg; T=315,0,5.1005096972220834,7.3164975747518923,6.491504825442842,5.6590790202014292,4.8575044159253586,3.9150962983715738,3.9507666302119615,6.4149852106280223,4.5492428705342718,14.446277452147946,21.62070139462524,12.553554828986998,3.1242797809503866,,,,,,,,,,,,,,,,
R7_A4.jpg; T=330,0,5.0498012979479228,7.3409163384539138,6.4859418446838095,5.6254626199749289,4.8871431068583719,3.9804719832029081,4.0268430758711364,6.4400350360747076,4.4000887789249816,12.656328867894102,22.947708543216446,13.275776954168315,2.883481552728429,,,,,,,,,,,,,,,,
R7_A4.jpg; T=360,0,5.6068788724495029,8.0054086484961466,7.0795637657301747,6.0265811182113973,5.0120526812939277,3.8673523471588434,3.6860425272346249,5.6461121332331814,4.1761725612458989,19.332662135363226,20.796298760141809,9.7123883842755596,1.0524860651657064,,,,,,,,,,,,,,,,
R7_A4.jpg; T=45,0,5.2220226317063565,7.4937392463353376,6.60113233530938,5.7360282791867325,4.8728083213026565,3.906979601265165,3.9693608341251863,6.4520306927648781,4.4162660354103913,14.308820944008202,21.546919691193924,13.052791480590074,2.4210999068017243,,,,,,,,,,,,,,,,
R7_A4.jpg; T=60,0,4.900411496323132,7.1446779721428717,6.3744384230563975,5.6136568024115006,4.8882807474061432,4.0357783943263819,4.1671660202610026,6.7547352615572844,4.4333963497203204,13.79620803191618,21.535238761821017,13.335300814828026,3.0207109242297525,,,,,,,,,,,,,,,,
R7_A4.jpg; T=90,0,5.1875424753895754,7.6681738130081518,6.7890757379360895,5.8146280821060863,4.9406910405070334,3.9302371137103633,3.8856956360286121,6.1603113104738405,4.611067192217603,21.435905810408322,20.734215595273973,8.1235020058287564,0.71895418711158388,,,,,,,,,,,,,,,,
R7_B1.jpg; T=120,0,3.7641558431141577,5.8713896837437867,7.2984776678726364,4.9490472870029345,4.4797051577367029,3.8901695218816901,4.2609298871497368,8.2051749069795363,5.3209586438615553,13.415152488295979,20.645808676085011,13.696649398791227,4.2023808374850296,,,,,,,,,,,,,,,,
R7_B1.jpg; T=135,0,4.1020681715868825,6.1533663832449568,7.4932633785553326,4.9554814665675044,4.3866029839512803,3.7685775336771226,4.0968675530435874,7.8295511278432226,5.501591072676371,14.058225189582481,21.840453353942195,12.902054626261986,2.9118971590670846,,,,,,,,,,,,,,,,
R7_B1.jpg; T=150,0,4.1215919128207084,6.1036281430533217,7.3266782073654522,4.8767252484731385,4.349677147875779,3.751114677979698,4.0721391115751331,7.9600484738116482,5.4758748780821715,12.985282731488356,20.556638144404051,14.09504581579664,4.325555507273906,,,,,,,,,,,,,,,,
R7_B1.jpg; T=180,0,4.5561150367667667,6.7719928100773785,8.063192128128609,5.305804973089427,4.6139877005384156,3.7797435909170609,3.8937762591630607,7.1482483254515925,4.9905865934522691,19.409764038870755,20.797540308170561,9.5982318499048525,1.0710163854692447,,,,,,,,,,,,,,,,
R7_B1.jpg; T=210,0,3.8329122140904159,5.8187581197322942,7.2298413244939033,4.9576617404115622,4.5106875422026018,3.9147981715456734,4.2667114163680164,8.186307288437451,5.2570175246887221,13.705873524859474,20.735000555933301,13.757796080121505,3.8266344971150952,,,,,,,,,,,,,,,,
R7_B1.jpg; T=225,0,3.7287772005233486,5.793435730497726,7.4242828047182385,5.1809657451404849,4.6980097854669634,4.0364527337649916,4.3420383749421587,8.0364013709984725,5.1151879579504493,13.364010746145706,22.289923265089694,12.71026886978561,3.2802454149761626,,,,,,,,,,,,,,,,
R7_B1.jpg; T=240,0,3.1646402697487588,5.2126665962530838,7.0844290025824135,5.1743308701662007,4.8676205544209079,4.3253543223633883,4.7551533633554461,8.8739843919899766,4.9802999530848941,11.310966123466235,21.073832663043522,15.206325034807927,3.9703968547172628,,,,,,,,,,,,,,,,
R7_B1.jpg; T=270,0,3.4524430957783401,5.7805927557746468,7.858085427932413,5.6416601205567956,5.1509259332180379,4.333365126642045,4.4243285200531846,7.5915835572313464,4.8378443563718072,20.923254358988146,20.576791340648199,8.493102207614891,0.93602319919015875,,,,,,,,,,,,,,,,
R7_B1.jpg; T=30,0,3.8298529661422367,5.8020750134241244,7.2122582480259574,4.9502449428932218,4.5111207836648735,3.9174023024215567,4.2673015171830055,8.2037141576891077,5.2785461515570002,13.725711033629684,20.672116460063769,13.808291727452671,3.8213646958527878,,,,,,,,,,,,,,,,
R7_B1.jpg; T=300,0,3.7639729647412463,5.8712728961963574,7.298442946807933,4.9490204372132149,4.4796853394177667,3.8901754581647907,4.2609885641154648,8.2053557673507775,5.3209862869076101,13.415177687274964,20.645981376280204,13.696708439681821,4.2022318358478525,,,,,,,,,,,,,,,,
R7_B1.jpg; T=315,0,4.1014711655003522,6.1529571414313375,7.4930379988714435,4.9554311724067732,4.3866303309948922,3.7686512086621047,4.0970196438936206,7.8300882916052421,5.5020465171997808,14.057589011205751,21.840553943748823,12.902698930172093,2.9118246443077926,,,,,,,,,,,,,,,,
R7_B1.jpg; T=330,0,4.1244989882873098,6.1066176078368697,7.3335072121772242,4.8696575915028015,4.3377802658495055,3.7438537168040056,4.0567804100128786,7.9480621171182335,5.499087946590012,12.996816355563581,20.470806872473108,14.181834381257159,4.330696534527319,,,,,,,,,,,,,,,,
R7_B1.jpg; T=360,0,4.5576129269466366,6.7714006955825816,8.0598774486775273,5.3016914065112504,4.6126625467082132,3.7801564522926334,3.8946723825314935,7.1476714006559421,4.9920342609362534,19.42997227623567,20.752048219743809,9.6444102114979167,1.0557897716800753,,,,,,,,,,,,,,,,
R7_B1.jpg; T=45,0,3.72883121054325,5.7934871093198934,7.4243277825345873,5.1809890182003864,4.6980231145833695,4.0364488732207766,4.3420154540428175,8.0363293865822989,5.1150967325936909,13.364023403977747,22.289970437466248,12.710589508708484,3.2798679682264447,,,,,,,,,,,,,,,,
R7_B1.jpg; T=60,0,3.1647113867992092,5.2127119957733994,7.0844374841431126,5.1743392502546666,4.8676259271274436,4.3253349128048217,4.7551244295860347,8.8739397326507774,4.98028752539952,11.311207974524677,21.074388653979426,15.205724715919375,3.9701660110375561,,,,,,,,,,,,,,,,
R7_B1.jpg; T=90,0,3.4308862190272231,5.7592477934246444,7.8553872370104516,5.6546447218702474,5.1694738985770634,4.35277807366489,4.4432372774993594,7.6006585742790387,4.8230887894168299,20.965153247377678,20.54841513950484,8.4773018850896502,0.91972714325808125,,,,,,,,,,,,,,,,
R7_B2.jpg; T=120,0,4.2229607927309623,6.3134487266938875,7.7100823969319725,3.4165088173531566,4.5414889306428394,5.170865373944836,4.1744361576798701,7.3058236053306409,5.2683695723116859,14.261734641203413,20.2119603709355,13.670139026791794,3.7321815874494328,,,,,,,,,,,,,,,,
R7_B2.jpg; T=135,0,4.4726577018960745,6.6128466444226524,7.8964542466054812,3.4250422646052896,4.5105834159391467,5.0794279307041483,4.023651593603768,6.9461302274305705,5.2660492534537653,15.58997039417358,21.366252183619963,11.769518616067224,3.0414155274783568,,,,,,,,,,,,,,,,
R7_B2.jpg; T=150,0,4.3958877265838181,6.4481432013192554,7.6470994005444775,3.3123033391530265,4.3803035388187483,5.0216263371836742,4.0842404303829012,7.2196428459471216,5.390957185832522,14.613343146993794,20.577348607963266,12.811069107188336,4.0980351320890733,,,,,,,,,,,,,,,,
R7_B2.jpg; T=180,0,4.9336350705595535,7.2026305869446219,8.4470620498515014,3.6434859756708775,4.6791373124655085,5.0593678005024678,3.8818042340361489,6.4742367780615684,4.885765883714722,19.723642403140182,20.122768862023648,9.8743477483964526,1.072115294632747,,,,,,,,,,,,,,,,
R7_B2.jpg; T=210,0,4.1046229175172737,6.1432255740392234,7.6109220485486828,3.4515498950156585,4.6587550898516605,5.335391051940797,4.301395252873693,7.434005977834202,5.1034602355605232,13.86088447050242,20.249075416797961,13.914952262586224,3.8317598069316836,,,,,,,,,,,,,,,,
R7_B2.jpg; T=225,0,3.999997594563109,6.1135081314715052,7.7066036707580796,3.5466421594626678,4.8182591422228525,5.5039231846210726,4.3746853188822348,7.2710381358673928,5.0607418419166228,13.947762219545849,20.03050209402512,13.914000514984473,3.7123359916790215,,,,,,,,,,,,,,,,
R7_B2.jpg; T=240,0,3.5718873560567723,5.598287374944193,7.3649862790159322,3.5020091305651482,4.8668566308410792,5.6731946813737579,4.631321466644911,7.8576404571900431,4.9998796882194361,14.639999647720121,21.966090705299319,11.715488119993784,3.6123584621354867,,,,,,,,,,,,,,,,
R7_B2.jpg; T=270,0,3.9693062483812582,6.3121330050757622,8.1922746787897296,3.7984884881433172,5.1202704766663727,5.6534054416060924,4.2862922701583521,6.8665762611107946,4.9201363950496164,20.921131542169199,20.995564092631529,8.1117125463984117,0.85270855381955835,,,,,,,,,,,,,,,,
R7_B2.jpg; T=30,0,4.1030717597633979,6.1352833412080718,7.5972063786932411,3.4408210446204004,4.6419955592316793,5.318749615099307,4.2945235741577044,7.4634629886084785,5.1614898630246113,13.840758189041811,20.316276098131443,13.890190781509061,3.796170806910796,,,,,,,,,,,,,,,,
R7_B2.jpg; T=300,0,4.2229233890658353,6.3134200364826381,7.7100775443311615,3.4165004967778665,4.541470571516947,5.1708556151901695,4.1744563921784756,7.3058808865670848,5.2683983882015575,14.261758074112521,20.211966386634661,13.670236755692024,3.732055463249067,,,,,,,,,,,,,,,,
R7_B2.jpg; T=315,0,4.4724987210083285,6.6127281908852815,7.8963827947402683,3.4250285947789205,4.5105981813549718,5.0794601147581044,4.0236849401058086,6.946259901533276,5.2662148490649363,15.590586679601262,21.367102774431697,11.768524192600276,3.0409300651368634,,,,,,,,,,,,,,,,
R7_B2.jpg; T=330,0,4.3886009694280048,6.4478205259382371,7.6750523373536206,3.3137965010309984,4.3790024663568685,5.0210569688517683,4.0857837650306985,7.2031192942838063,5.3774590011722125,14.598605817690954,20.559737466633209,12.827225906647232,4.1227389795823788,,,,,,,,,,,,,,,,
R7_B2.jpg; T=360,0,4.9343157272449281,7.2039604801115402,8.4501160922533316,3.6452578488795417,4.6785009102759645,5.0585778292023962,3.8835945702382384,6.4769283889077487,4.8833359345845011,19.729827762038592,20.130396684729487,9.8746149239553471,1.0505728475783829,,,,,,,,,,,,,,,,
R7_B2.jpg; T=45,0,3.9984835622912218,6.1124263860139285,7.7059702531546952,3.5465285654412844,4.8182829253571038,5.5041919057206377,4.3751233455531224,7.2723931496909104,5.0617996728491566,13.9469353370867,20.030644493925198,13.91447939418568,3.7127410087303598,,,,,,,,,,,,,,,,
R7_B2.jpg; T=60,0,3.5714917945717004,5.5980682189798001,7.3648698004224418,3.5020068626870686,4.866906013840488,5.6732915287288019,4.6314228814098533,7.8579242917623793,5.0000028226444977,14.640023341881163,21.9660123708104,11.715640524108212,3.6123395481532032,,,,,,,,,,,,,,,,
R7_B2.jpg; T=90,0,3.96329488425252,6.3092077037645033,8.1896684657948704,3.7991667298649201,5.1234628963068936,5.6583537576799685,4.2903612386581189,6.8683460559053122,4.9160041606990132,20.92690171422327,20.920494803136197,8.170042149215579,0.86469544049882274,,,,,,,,,,,,,,,,
R7_B3.jpg; T=120,0,4.4319658113849689,4.4900496987002558,8.3177165256340189,3.7151865322635271,4.9596756400118389,5.6473476802963676,3.413585588524457,7.8220120088401446,5.1538119533861639,13.366737751141873,22.198737348960552,12.930186297937698,3.5529871629181247,,,,,,,,,,,,,,,,
R7_B3.jpg; T=135,0,4.6418025884858265,4.6485465629796305,8.4651317040141976,3.6909667472119838,4.8833652271545045,5.5522218907569254,3.353276179074518,7.6727181328244392,5.2062950356735946,14.803732892260582,21.128399045375353,12.499714885427082,3.4538291087613602,,,,,,,,,,,,,,,,
R7_B3.jpg; T=150,0,4.6142656957840265,4.5565079818524925,8.1756113619223125,3.5862246652582432,4.7871535533864771,5.444780999879332,3.3128879268537017,7.7712793754063787,5.4641421149220166,14.370362587947445,20.817703762570904,13.215087953616665,3.8839920206000018,,,,,,,,,,,,,,,,
R7_B3.jpg; T=180,0,5.1789750790638873,5.0796985601129023,9.0087505154144978,3.9014627881333972,5.0743551544894645,5.5224548095847688,3.1733083304037888,7.0127370271482388,4.9695635865665091,19.691482986366545,20.44838606227033,9.6399883855999224,1.298836714845744,,,,,,,,,,,,,,,,
R7_B3.jpg; T=210,0,4.4314078677641522,4.4336154918511017,8.2216943533425138,3.7495611570274994,5.0686778985617886,5.7526151328710577,3.4471122132089573,7.7828021354339025,4.9995940537425305,12.911899262507665,19.905658980694653,15.236877788960655,4.058483664033516,,,,,,,,,,,,,,,,
R7_B3.jpg; T=225,0,4.3249560765337858,4.4222186254668916,8.3362909422540081,3.833857115954777,5.1752981809706284,5.8631951955678883,3.4810312178823168,7.6957988820090435,4.9758347370615832,16.235163729615039,21.605464525415339,11.241303746073608,2.8095870251950954,,,,,,,,,,,,,,,,
R7_B3.jpg; T=240,0,3.9038031649822367,4.0783049656656152,7.9711102320029017,3.7620664959820487,5.1898477558527372,5.9944928549658325,3.6469900524617849,8.3028751026960013,5.1132688775647663,13.25423695465742,19.869799000360228,14.088124589120893,4.8250799536875375,,,,,,,,,,,,,,,,
R7_B3.jpg; T=270,0,4.2577258055612983,4.45739013983001,8.6952502762077177,4.0336114199999251,5.4209690081117916,6.0207195588729006,3.4777501427310087,7.4909661561199288,5.0121069433032641,21.547938266079051,20.577836778344469,8.1004756425962992,0.90725986224231758,,,,,,,,,,,,,,,,
R7_B3.jpg; T=30,0,4.4278772217753293,4.4265313609479984,8.2168504892113319,3.7556412683796165,5.0722391252382417,5.758580507185612,3.4545729607173921,7.7815412592962137,4.9770009419543548,13.131557736152988,19.999629491663988,15.015201691062634,3.9827759464143009,,,,,,,,,,,,,,,,
R7_B3.jpg; T=300,0,4.4322024727429294,4.4901664628759459,8.3178270584178975,3.7152171579482638,4.9596917603329818,5.6473197366280266,3.4135504378440182,7.8218489416475583,5.1536199817958916,13.366854887627804,22.198786537700926,12.930121149981654,3.5527934144560973,,,,,,,,,,,,,,,,
R7_B3.jpg; T=315,0,4.6424877633616157,4.6489011393140567,8.46545942103279,3.6910435440344327,4.8833929761079808,5.5521350188073724,3.3531474261063523,7.672120320381457,5.2057964524776867,14.804194756369355,21.128369726181745,12.4994672604236,3.4534841954015376,,,,,,,,,,,,,,,,
R7_B3.jpg; T=330,0,4.6098772262730678,4.553709914784144,8.1940395341847765,3.5938610265087481,4.8008392738140717,5.4597399471118964,3.3191384617694064,7.7574857065311029,5.4421618511097352,14.318735790512266,20.793401349071299,13.248165705937028,3.9088442123924638,,,,,,,,,,,,,,,,
R7_B3.jpg; T=360,0,5.1747968001630404,5.0741161211224135,9.0021517490166048,3.8993982969696677,5.0733487888960589,5.5243471755531335,3.1746550790922003,7.0158222709077371,4.9764240695568835,19.776255831595279,20.404903445407051,9.624478848617855,1.2793015231020572,,,,,,,,,,,,,,,,
R7_B3.jpg; T=45,0,4.3252189906021865,4.4223648497036745,8.3364393438724971,3.8338926468632435,5.1753143239900741,5.8631560731858432,3.4809726068441198,7.6955938369710788,4.9755928496897806,16.234854553363295,21.605220675259773,11.241501886775772,2.8098773628786731,,,,,,,,,,,,,,,,
R7_B3.jpg; T=60,0,3.9038721066036963,4.0783317579061142,7.9711219066388885,3.7620759325741968,5.1898456859038697,5.9944775023856831,3.6469941530415837,8.3028970480314026,5.113215792425879,13.253771971937695,19.869598335430773,14.088291436964367,4.8255063701558569,,,,,,,,,,,,,,,,
R7_B3.jpg; T=90,0,4.2500685932581286,4.455402063475562,8.7009344745846935,4.0395985030654664,5.4305562111207966,6.0321246899892476,3.4828872266733404,7.4890223759062717,4.9965830068680477,21.463052916323139,20.58518173551105,8.1659554083265906,0.90863279489766735,,,,,,,,,,,,,,,,
R7_C1.jpg; T=120,0,5.1009463891337443,5.5964829627062764,7.4587446390112593,5.074439681740663,4.4774765106468735,5.0373104626772403,3.958824465771599,7.0273269948031638,4.6950165055007735,13.88608738118201,20.365755220643333,13.381967324629789,3.9396214615532701,,,,,,,,,,,,,,,,
R7_C1.jpg; T=135,0,5.0396085258430565,5.6268615705633485,7.5114367994020697,5.139172037426631,4.5799315670178773,5.1477341708759292,3.9969180034404777,6.8935982979503665,4.659879770578498,15.210906552754158,20.360373563653077,12.605390806188399,3.2281883343060835,,,,,,,,,,,,,,,,
R7_C1.jpg; T=150,0,5.0880416694773265,5.654442294319316,7.415227775195997,5.0898901996132926,4.5897670367718924,5.2108415580522234,4.0572420855251448,6.9327983081217015,4.4770801411355183,13.477961670258415,20.001106771259469,14.041672463269975,3.9639280269997279,,,,,,,,,,,,,,,,
R7_C1.jpg; T=180,0,5.7013785233108436,6.2331442573674432,8.0609098922289117,5.4470163928454243,4.7569871212047605,5.0976431467557752,3.6973597747785374,6.0609923709773268,4.3060875907304332,19.493088343589946,20.675675168868079,9.3865208424422448,1.0831965749002808,,,,,,,,,,,,,,,,
R7_C1.jpg; T=210,0,5.0071682083488751,5.4597911104417385,7.2546885161049879,5.113469978521473,4.6457784760262237,5.2625978029379228,4.0748393047677238,6.948690702170488,4.5587525723963624,12.843369022603461,19.972844015724547,14.573181112510495,4.2848291774456957,,,,,,,,,,,,,,,,
R7_C1.jpg; T=225,0,5.114064366247808,5.5612634634579887,7.3045704810977341,5.0848015531281439,4.5982060499705808,5.170866171795816,4.0243237189703303,7.0485407040904615,4.7627625231917818,12.798125273054357,22.778951866538872,12.712444104192937,3.0410797242631902,,,,,,,,,,,,,,,,
R7_C1.jpg; T=240,0,4.9334412134898233,5.358748485712626,7.14118543814266,5.0531736635938707,4.6207955206477935,5.2816994094509431,4.1779689297707954,7.364576375746851,4.6889488467680858,13.616877279654588,21.419650440536397,13.433268148267061,2.9096662482185107,,,,,,,,,,,,,,,,
R7_C1.jpg; T=270,0,5.364882605047482,5.9761812906789089,7.896440004818599,5.3635466959167353,4.7016990375876091,5.1375510051953981,3.8402960688329122,6.3768211526624645,4.5629613431505129,21.473833744220915,20.202315995700911,8.2808626422599119,0.82260841392763839,,,,,,,,,,,,,,,,
R7_C1.jpg; T=30,0,4.9699662879223068,5.4311946394882922,7.2595386729049078,5.1305599419328924,4.6630095836078427,5.2880824043441566,4.0974677406257687,6.9712120956571475,4.521206395440541,12.897857014532072,20.041932603181905,14.506863619303482,4.2211090010586885,,,,,,,,,,,,,,,,
R7_C1.jpg; T=300,0,5.1010733973545834,5.5965547634827635,7.4588129631039726,5.0744708915785663,4.4774902517190585,5.0373090840064494,3.9588122497906175,7.0272586393329695,4.6948596542043983,13.886470239229336,20.366260961402503,13.381171472640867,3.939455432153911,,,,,,,,,,,,,,,,
R7_C1.jpg; T=315,0,5.0400043487956756,5.6270523685626221,7.5115739711252019,5.1392336338955404,4.5799566301616084,5.1477079429577479,3.9968392031788689,6.8933072078668447,4.6595513075907116,15.211423359415136,20.360386684025453,12.604679265146824,3.2282840772777819,,,,,,,,,,,,,,,,
R7_C1.jpg; T=330,0,5.0736190560792807,5.6483309155932631,7.4303105399268032,5.1187659229488505,4.6124287187630975,5.2242691063040283,4.0629920455949815,6.9288971116252389,4.4473669281926815,13.419447046857313,19.954516144205769,14.095167607819555,3.9838888560891359,,,,,,,,,,,,,,,,
R7_C1.jpg; T=360,0,5.7127397967219444,6.2373018956770716,8.0570350444512773,5.4397272103470655,4.7486139584992637,5.0892031398596318,3.6949826507949455,6.0660826873660039,4.3087518429948615,19.678551404885713,20.48928461627014,9.3915273629507823,1.0861983891812947,,,,,,,,,,,,,,,,
R7_C1.jpg; T=45,0,5.1141356136777834,5.5612926132462848,7.3045847598063345,5.0848002549212925,4.5982008997153114,5.1708608764848067,4.0243177426425447,7.0485175702589764,4.7627121695809977,12.798104886085081,22.778931924760268,12.712894918052292,3.040645770768025,,,,,,,,,,,,,,,,
R7_C1.jpg; T=60,0,4.9333950069454096,5.3587002857043586,7.1411350260582402,5.0531319444717031,4.6207596649871654,5.281694070845723,4.1780034788305498,7.3646592477251902,4.6890027196755151,13.617072839365914,21.419964532863982,13.432944123409884,2.9095370591163534,,,,,,,,,,,,,,,,
R7_C1.jpg; T=90,0,5.3359458724900817,5.964342989159392,7.9030829401487468,5.3808855246290328,4.7224152007367799,5.1615694838440547,3.8543869191354254,6.3751469963343741,4.5397573175320849,21.44904975819238,20.264220455524786,8.2328329903668234,0.81636355190604892,,,,,,,,,,,,,,,,
R7_C2.jpg; T=120,0,3.7841914978275688,5.8747526554636851,6.3213571185336193,4.6192706235440779,4.3348891013833368,6.4323068515711972,4.2209023611632954,8.1415506504148194,4.7738855587044409,12.987685398723039,20.06274547786337,14.721167638526616,3.7252950662809439,,,,,,,,,,,,,,,,
R7_C2.jpg; T=135,0,4.0647776498079162,6.217367956630043,6.6358861481771125,4.7562211753697801,4.3587703638993673,6.2842175442071175,4.0154400148490419,7.6203684767351714,4.769768932061071,13.999251107102669,20.090016613379934,13.999895887518717,3.1880181302620567,,,,,,,,,,,,,,,,
R7_C2.jpg; T=150,0,3.7531596361801602,5.8278408144583018,6.2464582331434491,4.5906948258096705,4.3235070718527266,6.3748759182641122,4.1788234920648613,8.1434275383075523,4.9141532779489738,13.080199013870196,20.42465116562251,13.756108218961776,4.386100793515725,,,,,,,,,,,,,,,,
R7_C2.jpg; T=180,0,3.4688709250947056,5.839487829810027,6.6569538841884048,5.1340736206618747,4.8967465488471014,7.0589702861838424,4.3138213364051765,7.3307267131825222,4.4399602873151309,20.030551707235496,20.012902033234393,9.7771794854448011,1.0397553423965129,,,,,,,,,,,,,,,,
R7_C2.jpg; T=210,0,2.9523442271507254,4.8805660714411836,5.685446847040553,4.579590624709664,4.5773581967955232,7.0665701166221879,4.7549196310738564,9.1516749980581515,4.8054724408203366,11.802941245716081,20.861316772199853,14.861919716298127,4.0198791120737614,,,,,,,,,,,,,,,,
R7_C2.jpg; T=225,0,3.3034066176720365,5.3165624287270452,6.0118111014353346,4.7126347820855088,4.5979640923522069,6.9644500472622193,4.5925475818208623,8.419198835845302,4.5717533660022145,14.538138051569614,21.134268866081609,12.850198872900055,2.9870653562459801,,,,,,,,,,,,,,,,
R7_C2.jpg; T=240,0,3.5453877319990017,5.5161701555552565,6.0545821853633575,4.6238400074678134,4.4633809045304735,6.7025581323837624,4.39326867911217,8.4308176503854551,4.6729217491102011,13.148255162935051,19.754493097589872,14.93585352019759,3.7584710233699847,,,,,,,,,,,,,,,,
R7_C2.jpg; T=270,0,4.693552311079233,7.0110118116606923,7.1274137447575141,4.9691765401432164,4.4330056577616164,6.1311634402661523,3.6994346499525066,6.6483036244001426,4.4670268367612405,20.916858980916327,19.746247633884391,9.161284672621095,0.9955200957958632,,,,,,,,,,,,,,,,
R7_C2.jpg; T=30,0,2.8057837376777481,4.7043555410347064,5.573492249494902,4.5643571085566634,4.6132680791852687,7.1946840841404835,4.8761685990006312,9.3534884962488132,4.7669278736009444,11.786925089287836,20.897824333940388,14.855185097070501,4.0075397107611366,,,,,,,,,,,,,,,,
R7_C2.jpg; T=300,0,3.7843910121672986,5.8748336036753299,6.3213794484462777,4.6192755314719181,4.334890243681178,6.4322866687574658,4.2208725568895353,8.1413942687753611,4.7737958759619366,12.987705291284714,20.062569029879601,14.721125617264311,3.7254808517450559,,,,,,,,,,,,,,,,
R7_C2.jpg; T=315,0,4.0655370826821455,6.2177805130315615,6.6360580842502559,4.7562820939703983,4.3587835811444329,6.2841449685165882,4.0153113596698304,7.6197694478257629,4.7692754188228283,13.999483339168565,20.089766601697079,13.999614360384376,3.1881931488361746,,,,,,,,,,,,,,,,
R7_C2.jpg; T=330,0,3.8338105524952737,5.8988847375099782,6.2787135093348274,4.5808243020396526,4.294399388245866,6.3165622416319405,4.136981024178854,8.0798883027090795,4.9157038506702753,13.100918858225164,20.452916936470285,13.730105211449144,4.3802910850396879,,,,,,,,,,,,,,,,
R7_C2.jpg; T=360,0,3.4595118848385651,5.8281653881170428,6.6491959078613583,5.1315076537781348,4.8969676239116033,7.0639864315406617,4.3196830298317268,7.3378159275583421,4.4448470754383775,20.11683008113916,20.052435839908878,9.6569806792660362,1.0420724768101142,,,,,,,,,,,,,,,,
R7_C2.jpg; T=45,0,3.3034199333757885,5.3165779785976222,6.0118264277061568,4.7126398755060412,4.5979704340695688,6.9644673708671485,4.5925522752669181,8.419197977960474,4.5717333137946348,14.537549224304369,21.134083585856896,12.85083283706866,2.9871487656257258,,,,,,,,,,,,,,,,
