Image name,0,0.063,0.125,0.17999999999999999,0.25,0.29999999999999999,0.35499999999999998,0.42499999999999999,0.5,0.70999999999999996,1,2,4,8
R10_A1.jpg,0,3.3733277529940677,5.622505979926447,7.7786855435685682,5.6039722294012648,3.4268445481187988,5.8943147647208622,4.6462164970004078,7.3449019968250484,4.8135092696396997,16.166202217779123,20.550589450155556,12.204430835023336,2.5744989148468136
R10_A2.jpg,0,4.7657187680647564,4.8631723269115312,9.1139434356366902,4.050825206702406,5.3060250641961906,4.3890711734232912,4.5461599739089218,6.7202482092413023,4.6500687050134308,15.663647307534575,20.677526263341207,12.328090831066911,2.9255027349587897
R10_B1.jpg,0,4.8660843594435921,6.9646628542897719,8.1758313078449962,3.5454198704482627,4.6038422346085444,5.0470374870849151,3.9226161719117716,6.6599278918065519,4.9852124360339936,13.762260259405394,20.530282787181545,13.638932290889199,3.2978900490514658
R10_B2.jpg,0,5.0612039345465991,7.2100086736154578,8.4078290171380345,3.6073832845241971,4.6465394388944379,5.0434038130067602,3.8689142141429604,6.3972722150938166,4.6707522874098748,13.763999880059112,20.651110201796033,13.524206144685113,3.1473768950875982
R10_B3.jpg,0,6.9265016312737266,6.592584524630932,7.700247074612256,4.9572042667223277,4.2347654203314233,4.5698108539397166,3.4598168256171893,6.1393542222492137,4.3085951464619683,14.51045513371448,21.23811198265442,12.641157766500346,2.7213951512920027
R10_C1.jpg,0,4.5450817825336074,8.8439560138650037,5.9144877258342756,5.1470075112920135,4.4460197623817868,4.8479379675723493,3.7029727856779946,6.5926791045947057,4.5216268127139614,15.757357501356982,20.851443321099502,11.99558867247001,2.8338410386078059
R10_C2.jpg,0,6.5881803775240089,6.2603195777177891,7.3884157898362375,3.2315904413998604,4.239173019979714,4.7040556128165338,4.5972375011427973,6.2685543651336619,5.2503099171925651,14.340874476731331,20.549106808272921,13.373538675212084,3.2086434370404926
R10_D1.jpg,0,6.6899103260470474,8.2708425861609829,7.150986071116014,4.5702280632073746,3.8943676923809889,5.2034485770046652,3.1152040108439838,5.8081744172179892,4.1455365934503714,14.22462735808911,20.331444185375219,13.398032517136928,3.1971976019693291
R10_D2.jpg,0,8.2315966666080076,5.571165725239549,7.9855083406358398,4.0776324357990639,4.6477142052217149,4.6768635777749861,3.5465418907321498,5.9041514041947885,4.207499372545807,13.473162962539702,20.64051702993806,13.809267596365743,3.2283787924045844
R10_D3.jpg,0,6.7233987389842804,8.0585722082822127,6.9084043157692765,4.4017347975175269,4.9951419677432565,4.0102247836558762,3.7744954399258424,5.7538953084994073,4.1972677294383534,13.142285668741433,20.861392490359346,13.901139720283791,3.272046830799396
R10_E1.jpg,0,5.8553152267620128,5.6731557086920352,6.9654757624090866,4.6750425435144107,4.1154109375264909,4.6240190450604191,3.690802509007542,7.6661627306903464,5.1361717971683341,16.360387360040082,21.656272982714341,11.378475274155065,2.2033081222598292
R10_E2.jpg,0,5.9710628009567515,5.7261925218025151,6.9731288124983681,4.6731464763419357,4.1259993216155486,4.6689704034915049,3.7578216357644396,7.302304433936369,5.3945259119286053,16.371102362593952,21.278468833121025,11.506588709108168,2.2506877768408176
,,,,,,,,,,,,,,
,,,,,,,,,,,,,,
,,,,,,,,,,,,,,
,,,,,,,,,,,,,,
,,,,,,,,,,,,,,
,,,,,,,,,,,,,,
,,,,,,,,,,,,,,
,,,,,,,,,,,,,,
,,,,,,,,,,,,,,
,,,,,,,,,,,,,,
,,,,,,,,,,,,,,
,,,,,,,,,,,,,,
,,,,,,,,,,,,,,
,,,,,,,,,,,,,,
,,,,,,,,,,,,,,
,,,,,,,,,,,,,,
,,,,,,,,,,,,,,
,,,,,,,,,,,,,,
,,,,,,,,,,,,,,
,,,,,,,,,,,,,,
,,,,,,,,,,,,,,
,,,,,,,,,,,,,,
,,,,,,,,,,,,,,
,,,,,,,,,,,,,,
,,,,,,,,,,,,,,
,,,,,,,,,,,,,,
,,,,,,,,,,,,,,
,,,,,,,,,,,,,,
,,,,,,,,,,,,,,
,,,,,,,,,,,,,,
,,,,,,,,,,,,,,
,,,,,,,,,,,,,,
,,,,,,,,,,,,,,
,,,,,,,,,,,,,,
,,,,,,,,,,,,,,
,,,,,,,,,,,,,,
,,,,,,,,,,,,,,
,,,,,,,,,,,,,,
,,,,,,,,,,,,,,
,,,,,,,,,,,,,,
,,,,,,,,,,,,,,
,,,,,,,,,,,,,,
,,,,,,,,,,,,,,
,,,,,,,,,,,,,,
,,,,,,,,,,,,,,
,,,,,,,,,,,,,,
,,,,,,,,,,,,,,
,,,,,,,,,,,,,,
,,,,,,,,,,,,,,
,,,,,,,,,,,,,,
,,,,,,,,,,,,,,
,,,,,,,,,,,,,,
,,,,,,,,,,,,,,
,,,,,,,,,,,,,,
,,,,,,,,,,,,,,
,,,,,,,,,,,,,,
,,,,,,,,,,,,,,
,,,,,,,,,,,,,,
,,,,,,,,,,,,,,
,,,,,,,,,,,,,,
,,,,,,,,,,,,,,
,,,,,,,,,,,,,,
,,,,,,,,,,,,,,
,,,,,,,,,,,,,,
,,,,,,,,,,,,,,
,,,,,,,,,,,,,,
,,,,,,,,,,,,,,
,,,,,,,,,,,,,,
,,,,,,,,,,,,,,
,,,,,,,,,,,,,,
,,,,,,,,,,,,,,
,,,,,,,,,,,,,,
,,,,,,,,,,,,,,
,,,,,,,,,,,,,,
,,,,,,,,,,,,,,
,,,,,,,,,,,,,,
,,,,,,,,,,,,,,
,,,,,,,,,,,,,,
,,,,,,,,,,,,,,
,,,,,,,,,,,,,,
,,,,,,,,,,,,,,
,,,,,,,,,,,,,,
,,,,,,,,,,,,,,
,,,,,,,,,,,,,,
,,,,,,,,,,,,,,
,,,,,,,,,,,,,,
,,,,,,,,,,,,,,
,,,,,,,,,,,,,,
,,,,,,,,,,,,,,
,,,,,,,,,,,,,,
,,,,,,,,,,,,,,
,,,,,,,,,,,,,,
,,,,,,,,,,,,,,
,,,,,,,,,,,,,,
,,,,,,,,,,,,,,
,,,,,,,,,,,,,,
,,,,,,,,,,,,,,
,,,,,,,,,,,,,,
,,,,,,,,,,,,,,
,,,,,,,,,,,,,,
,,,,,,,,,,,,,,
,,,,,,,,,,,,,,
,,,,,,,,,,,,,,
,,,,,,,,,,,,,,
,,,,,,,,,,,,,,
,,,,,,,,,,,,,,
,,,,,,,,,,,,,,
,,,,,,,,,,,,,,
,,,,,,,,,,,,,,
,,,,,,,,,,,,,,
,,,,,,,,,,,,,,
,,,,,,,,,,,,,,
,,,,,,,,,,,,,,
,,,,,,,,,,,,,,
,,,,,,,,,,,,,,
,,,,,,,,,,,,,,
,,,,,,,,,,,,,,
,,,,,,,,,,,,,,
,,,,,,,,,,,,,,
,,,,,,,,,,,,,,
,,,,,,,,,,,,,,
,,,,,,,,,,,,,,
,,,,,,,,,,,,,,
,,,,,,,,,,,,,,
,,,,,,,,,,,,,,
,,,,,,,,,,,,,,
,,,,,,,,,,,,,,
,,,,,,,,,,,,,,
,,,,,,,,,,,,,,
,,,,,,,,,,,,,,
,,,,,,,,,,,,,,
,,,,,,,,,,,,,,
,,,,,,,,,,,,,,
,,,,,,,,,,,,,,
,,,,,,,,,,,,,,
,,,,,,,,,,,,,,
,,,,,,,,,,,,,,
,,,,,,,,,,,,,,
,,,,,,,,,,,,,,
,,,,,,,,,,,,,,
,,,,,,,,,,,,,,
,,,,,,,,,,,,,,
,,,,,,,,,,,,,,
,,,,,,,,,,,,,,
,,,,,,,,,,,,,,
,,,,,,,,,,,,,,
,,,,,,,,,,,,,,
,,,,,,,,,,,,,,
,,,,,,,,,,,,,,
,,,,,,,,,,,,,,
,,,,,,,,,,,,,,
,,,,,,,,,,,,,,
,,,,,,,,,,,,,,
,,,,,,,,,,,,,,
,,,,,,,,,,,,,,
,,,,,,,,,,,,,,
,,,,,,,,,,,,,,
,,,,,,,,,,,,,,
,,,,,,,,,,,,,,
,,,,,,,,,,,,,,
,,,,,,,,,,,,,,
,,,,,,,,,,,,,,
,,,,,,,,,,,,,,
,,,,,,,,,,,,,,
,,,,,,,,,,,,,,
,,,,,,,,,,,,,,
,,,,,,,,,,,,,,
,,,,,,,,,,,,,,
,,,,,,,,,,,,,,
,,,,,,,,,,,,,,
,,,,,,,,,,,,,,
,,,,,,,,,,,,,,
,,,,,,,,,,,,,,
,,,,,,,,,,,,,,
,,,,,,,,,,,,,,
,,,,,,,,,,,,,,
,,,,,,,,,,,,,,
,,,,,,,,,,,,,,
,,,,,,,,,,,,,,
,,,,,,,,,,,,,,
,,,,,,,,,,,,,,
,,,,,,,,,,,,,,
,,,,,,,,,,,,,,
,,,,,,,,,,,,,,
,,,,,,,,,,,,,,
,,,,,,,,,,,,,,
,,,,,,,,,,,,,,
,,,,,,,,,,,,,,
,,,,,,,,,,,,,,
,,,,,,,,,,,,,,
,,,,,,,,,,,,,,
,,,,,,,,,,,,,,
,,,,,,,,,,,,,,
,,,,,,,,,,,,,,
,,,,,,,,,,,,,,
