Image name,0,0.063,0.125,0.17999999999999999,0.25,0.29999999999999999,0.35499999999999998,0.42499999999999999,0.5,0.70999999999999996,1,2,4,8
R9_A1.jpg; T=120,0,6.9112182211096123,6.4801255924739278,7.5794161267387663,4.8746297055075019,4.1659974233017847,4.5422172805772334,3.4839847357630487,6.1745156379896518,4.4879007916474816,11.050431860254868,20.078737422840675,15.584603949006588,4.5862212527888611
R9_A1.jpg; T=135,0,7.41201389864856,6.7251775840799866,7.6498628771251287,4.8514623886774233,4.1099424526694097,4.3689449277284966,3.2758024182170371,5.936243273142666,4.4462976550614091,12.187405136681207,21.025331543172644,14.266153560321809,3.7453622844742416
R9_A1.jpg; T=150,0,7.5193506494794118,6.6126041173801831,7.4084822628139015,4.713858591986372,4.0384398780435165,4.3654476792725356,3.3123672886363482,6.0310271020899995,4.4632201975876171,9.5982710639259903,20.982046374574896,16.426397962054708,4.5284868321545124
R9_A1.jpg; T=180,0,8.3664936922807023,7.3015049079037686,7.9608932389986649,4.8715475631369332,3.984779668119232,4.1213382486468912,3.0178855495969401,5.2976334187509044,4.3107316015593913,17.87319479941057,20.015691699897715,11.412316230371792,1.465989381326485
R9_A1.jpg; T=210,0,7.5385531870458111,6.7025870905291285,7.5047639554717636,4.7730865956915238,4.0587178128605288,4.3507331318225715,3.2845644996502812,5.8852060117912375,4.3098634393420783,10.946847296336703,19.566941536219986,16.196305196254659,4.8818302469837382
R9_A1.jpg; T=225,0,7.392077443498585,6.7931930072706175,7.7112412921798166,4.898494525606865,4.1422246421790776,4.4079056875579665,3.3102370115159325,5.8866503320433585,4.3325067646477731,12.348891255553974,20.251965536158249,14.60538764635691,3.9192248554308553
R9_A1.jpg; T=240,0,6.6697107076278259,6.3257381804333583,7.4616427416407989,4.8370710946246485,4.1639822522847485,4.5565964283801721,3.5040914490197568,6.2306907106393723,4.5241559277918748,11.595162701759152,20.340208563340283,14.741309629944755,5.0496396125132588
R9_A1.jpg; T=270,0,6.6869016851127592,6.6429800493314524,7.9626134052892716,5.1424496496149814,4.35934515181662,4.6103275492452971,3.4149389748852115,5.8848627769335495,4.3694002395078284,18.275877291783388,18.893437103339032,12.271687267634768,1.4851788555058376
R9_A1.jpg; T=30,0,7.5461968015798835,6.7174917926093674,7.5072079149903175,4.7525775329876865,4.0442717377843307,4.3457011935538521,3.2908934231254063,5.8993522342649625,4.3046127768244169,10.967007259355452,19.620140775319157,16.113452054186141,4.891094503419029
R9_A1.jpg; T=300,0,6.9108607042002861,6.4800438925623931,7.5794474764742326,4.8746380641623936,4.1660558786219264,4.5423406008667735,3.4840789132367558,6.1746202962727255,4.487982568386097,11.04989291019084,20.078038412264355,15.585907585537527,4.5860926972237035
R9_A1.jpg; T=315,0,7.4109873926849774,6.7247607366893831,7.6496594552758328,4.8514418815710734,4.110002061305833,4.3691086330090521,3.2760187303747403,5.9368628250843525,4.4467547388746338,12.186612235744395,21.025261934991182,14.266905248147808,3.7456241262467298
R9_A1.jpg; T=330,0,7.5183896666560113,6.6043622794029044,7.3983395327865615,4.7016390639001795,4.0328751283653164,4.3610751010330535,3.3158667422268486,6.0467418619867095,4.4718843971561064,9.6388629748477133,20.99787535790313,16.381202696385984,4.5308851973495017
R9_A1.jpg; T=360,0,8.362733317742773,7.2980952343947001,7.95856166827922,4.8705492335299718,3.9816254092276386,4.1186177373100641,3.0178363584807388,5.303976424600406,4.3196616106181605,17.895104525311805,19.846949619771639,11.558075148811627,1.4682137119212708
R9_A1.jpg; T=45,0,7.3933647229592685,6.793684453166561,7.7114647149445261,4.8985141894061819,4.1421606406433931,4.4076908964257999,3.3099691411254835,5.8859444402194727,4.3319518953184764,12.349584650262873,20.25174320153787,14.604975976937013,3.9189510770530767
R9_A1.jpg; T=60,0,6.6702466208414206,6.3259003438831565,7.4617274371470614,4.8370546163324031,4.1639272430859089,4.5565074657836639,3.5040220694828053,6.2304959579512307,4.5239338422360147,11.595425417899945,20.34028730792604,14.740854198049671,5.0496174793806716
R9_A1.jpg; T=90,0,6.688305263163115,6.6420565738523125,7.9631264385573406,5.1423851893900938,4.359832463059238,4.6112848732718152,3.4162470069111763,5.8844310441602055,4.3692863581250201,18.24032507139836,18.861769140057493,12.340417091442161,1.4805334866116773
R9_A2.jpg; T=120,0,6.6830149244670318,6.1408931999694696,8.9156738395903297,4.5664917824378559,3.900619310957393,4.228721813752558,4.0445046052591787,5.837196432038219,4.4694995854742805,12.062997615196196,19.985879093199635,14.534719886346499,4.629787911311344
R9_A2.jpg; T=135,0,7.2706612672976796,6.4452189769207999,9.1205205989150233,4.5782627798287594,3.8436387102664273,4.0814989745051946,3.8344964581848537,5.4839226018807121,4.4294279790097599,12.532865267220972,18.986100482049199,15.555559837421725,3.8378260664988884
R9_A2.jpg; T=150,0,7.2802263203504802,6.2327880918828162,8.7382948771369922,4.4222083816829958,3.7605796546464929,4.0598480049222836,3.8544401286862295,5.593431709281794,4.604898216264135,11.689047820049751,18.624850435146573,15.344152295053068,5.7952340648963796
R9_A2.jpg; T=180,0,8.4406951063795042,7.1183136573779811,9.5343672969038167,4.6159139512984781,3.7403392041437873,3.8049484657889914,3.4137301345580746,4.8326199147334687,4.1288281039583863,17.255885778655518,19.348272704611226,12.049668858786365,1.7164168228044021
R9_A2.jpg; T=210,0,7.4582210997572931,6.4307023665101122,8.8890025416367262,4.4838241158485364,3.7795554433712817,4.0164980475657019,3.7885144248472993,5.5070739565705216,4.4089286998946413,10.899027531901877,18.995818725241154,16.620289849741866,4.7225431971129925
R9_A2.jpg; T=225,0,7.3423962430326393,6.4672436685169341,9.1022840804110725,4.5847533557285205,3.8303926238224095,4.0544273799386152,3.809414450588692,5.4599307199815712,4.5133930874904236,11.437668316800089,19.995339806994611,15.642560944360433,3.7601953223339897
R9_A2.jpg; T=240,0,6.7509241718647424,6.1634693339545192,8.8914313642033012,4.5733461933074855,3.9015973219333326,4.2227914749206859,4.0432414412076021,5.8276686706382135,4.5503579892051365,10.602998065996491,19.622099168998307,15.351302776465154,5.4987720273050353
R9_A2.jpg; T=270,0,6.718649787849535,6.4599667401727565,9.4897774752770694,4.8511844030294409,4.0739074229125825,4.2758242188629332,3.9273588091083615,5.3427772809399432,4.4207256638715604,16.528671495191794,18.588309463273944,13.569061961908984,1.7537852776010974
R9_A2.jpg; T=30,0,7.4377994967609373,6.4276312850827964,8.8902810744197414,4.487736426873238,3.7809956681189352,4.0194920874459958,3.7938606124335945,5.5187571216382754,4.3997607989168772,10.879657771973472,18.910909803754851,16.724135088942276,4.7289827636390074
R9_A2.jpg; T=300,0,6.6828560457349884,6.1408210121040403,8.9156010905073142,4.5664846896693012,3.9006189412987102,4.2287238734207815,4.0445162230129377,5.8372559124643386,4.4696297616044216,12.063193029521795,19.986104113685531,14.534323146172085,4.6298721608037754
R9_A2.jpg; T=315,0,7.2701066937248608,6.4449775276489065,9.120344949188592,4.5782385117175712,3.8436643621178246,4.0815640000886768,3.8346224270335112,5.4842311096420584,4.4297215616694334,12.533025233101061,18.986385545182113,15.555138876108387,3.837979202776991
R9_A2.jpg; T=330,0,7.2822004226796686,6.2357890111174639,8.7335022925512984,4.419591897139628,3.7581941241890791,4.0648590842160965,3.8679447407341541,5.5915583618303417,4.6045758346446117,11.727093411735833,18.656448073994515,15.264933969905622,5.7933087752617087
R9_A2.jpg; T=360,0,8.4330546932889376,7.1143378470946166,9.5293926692164099,4.6156764812556323,3.7417455393603056,3.80636383803939,3.4140785503608018,4.8379984262911258,4.1353750162815937,17.150118143772925,19.357757436601247,12.153952570917607,1.7101487875194072
R9_A2.jpg; T=45,0,7.342461102779418,6.4672636756816377,9.1022891084851452,4.5847467550471181,3.830381507708605,4.0544137919262644,3.8093980727814327,5.4599034740343804,4.5133759351158735,11.437620292038627,19.994903527542309,15.643023892078409,3.7602188647807857
R9_A2.jpg; T=60,0,6.7508896867957127,6.1634489164588402,8.8914055475773495,4.5733392671792874,3.9015973138480655,4.2228045607218911,4.0432360959617126,5.8276512298834815,4.5503873745258288,10.603077217388583,19.622426523250933,15.351276065233767,5.498460201174538
R9_A2.jpg; T=90,0,6.7162211030824404,6.4599504690776683,9.4891301491826638,4.8521876277088838,4.0746542328601327,4.2750428127562952,3.9256921811242895,5.3405757318966245,4.4191563080576834,16.561485653797789,18.634518236455609,13.512253381906818,1.7391321120931214
R9_A3.jpg; T=120,0,4.8990835933244519,7.0759891726344524,8.2108811994171127,5.2528366378783167,4.4884526028643723,4.8184529811315135,3.6065265209074591,6.1794571397260905,4.0106482983391682,11.246395846459787,21.309778960713626,14.748099862653387,4.1533971839502764
R9_A3.jpg; T=135,0,5.2934136589906302,7.4241652847888622,8.4594432291378663,5.3268520886855093,4.4697032982412139,4.7199513077499002,3.4609406767187441,5.6918508132642867,3.880265370797118,12.525391174656313,19.553444968547264,14.958669966487772,4.235908161934522
R9_A3.jpg; T=150,0,5.4836345619235658,7.3992346825045825,8.2576872609673639,5.1499897918177089,4.3325813005820004,4.5979607123664206,3.4250000659675681,5.9024697032336704,3.9112687125688352,10.930735914732173,19.27725274803645,15.918255054824273,5.4139294904753932
R9_A3.jpg; T=180,0,6.2488296772756327,8.1763556081433233,8.8142254744057613,5.3030445666758599,4.2386277962856749,4.2304767103135283,3.0022819442563926,5.197218378879513,3.7901792292183454,19.068166712504183,19.297980706352501,11.210684662955185,1.4219285327340925
R9_A3.jpg; T=210,0,5.6803536329423086,7.4524832957371236,8.1968494412960951,5.1167035365914275,4.3053980180097469,4.5446336314685549,3.3532222354548584,5.8053739068805275,3.8990359354886426,12.009782113114747,19.812059911063145,15.463710697299756,4.3603936446530724
R9_A3.jpg; T=225,0,5.6642301858306645,7.6064358042252778,8.4087295676788276,5.2071492621104714,4.3202840765619772,4.515698652518787,3.3065394962208305,5.6597694562188154,3.950341882736117,11.925312666640684,19.799780671737945,15.143592500110508,4.4921357774091097
R9_A3.jpg; T=240,0,5.0836680700314831,7.1216201739117215,8.1087449187474121,5.1788834749506529,4.3945098518444681,4.7068664756402852,3.5407388924970724,6.1525464190681909,4.1056579564960369,12.218286074007425,19.73176492864226,14.84987346425666,4.8068392999063256
R9_A3.jpg; T=270,0,4.9196625966160754,7.3628687174767853,8.8688153459536263,5.6379352993574523,4.6683194072955763,4.7894622796893254,3.4009503866522039,5.6242202332556772,3.8837220035237672,20.437306058313087,19.988065281736407,9.4138172665843438,1.0048551235456968
R9_A3.jpg; T=30,0,5.6647173395580968,7.4715043801759782,8.2057164838368362,5.1173495972634528,4.3091756343401428,4.5448434441612591,3.3493172135520797,5.800143296300952,3.9018255835879518,11.970369397734046,19.826699805749573,15.503986802803444,4.3343510209361886
R9_A3.jpg; T=300,0,4.8992036505954886,7.0760698444678445,8.2109351250514546,5.2528520413259949,4.4884507759639698,4.8184340701954547,3.6065091675643126,6.1793537897880295,4.0105333137354124,11.246795625657057,21.310376352629429,14.746998951955339,4.1534872910702232
R9_A3.jpg; T=315,0,5.2936527898156154,7.424329684140563,8.4595374100329188,5.3268637164259385,4.4696757712131294,4.7198990103272918,3.4608789790652321,5.6916561560358714,3.8800765278154272,12.525646364914634,19.553465759220863,14.958473961249268,4.2358438697432703
R9_A3.jpg; T=330,0,5.4811854745783162,7.3903858849857951,8.2451495189270592,5.1515201799903645,4.338958396270189,4.6028919807487485,3.4250721321726894,5.9046300326132073,3.9400293549673218,10.894835142540073,19.196988171019505,15.974883202732967,5.4534705284537832
R9_A3.jpg; T=360,0,6.2509514571658382,8.1724839262447322,8.8024850830676886,5.2968380208305614,4.235292455281038,4.2298072805246809,3.0045371540652561,5.2075841312756523,3.7949612976059774,19.099730614644308,19.26573181132337,11.202715143670329,1.4368816243005482
R9_A3.jpg; T=45,0,5.6650149122544295,7.6069225159703446,8.4089684074824689,5.2071671431231783,4.3202096569131943,4.5155148318231353,3.3063114252246244,5.6591310999587465,3.9498990638532563,11.926420624430941,19.800010351878829,15.142485478697598,4.491944488389267
R9_A3.jpg; T=60,0,5.0839160503743566,7.1217453724084665,8.108799649626377,5.1788880435464577,4.3944961739426072,4.7068345817429282,3.5406822977001178,6.1523947658211373,4.1055495940997053,12.218273404207153,19.731865495619978,14.850139958799472,4.8064146121112286
R9_A3.jpg; T=90,0,4.919252889489087,7.3633652959151581,8.8705459349999494,5.6376433591753434,4.6669861792627714,4.7879236805703833,3.4019284980978615,5.6264511866474081,3.8890754489370889,20.203877471709237,20.08998498633769,9.5499959319855563,0.99296913687246591
R9_B1.jpg; T=120,0,5.5397661747681752,7.3906846201812053,6.9506035873600753,4.680659607593336,5.446785609897689,4.4421598297409135,4.152230514398485,5.9629562240973986,4.0115715114353989,11.472602087236734,21.880525581104671,14.213804437071454,3.8556502151144816
R9_B1.jpg; T=135,0,5.7132281285912905,7.4859140425391839,6.9265785669220756,4.6262029757097451,5.3412200920761066,4.2926514922137331,4.0119986075219138,5.9235349119451426,4.2298584722945298,13.730657678953648,19.458607664641555,14.379203696081055,3.8803436705100309
R9_B1.jpg; T=150,0,5.6642948170280407,7.4337259062600722,6.8377697862851683,4.6221553501908801,5.3886301563201604,4.3486692245917533,4.1217680128206711,6.1106042431210268,4.1002081713899203,12.436387954386561,19.665232468461326,15.073248900967442,4.1973050081769925
R9_B1.jpg; T=180,0,6.1911309949214077,8.1667348959255435,7.3110961082340609,4.7041740693525664,5.2836051409561362,4.1268996366306645,3.7334638824489415,5.4478019435524487,4.1474449434199245,18.91881792354998,19.536373042746934,10.95117270431566,1.4812847139457199
R9_B1.jpg; T=210,0,5.7101247409126126,7.6037519407121916,6.9941827363740874,4.6299366343376063,5.3708834009793147,4.3607177930207586,4.0727089203371785,5.8434094568171657,3.9622602817123806,12.137425106456382,19.273461897568016,15.47139689987714,4.5697401908951623
R9_B1.jpg; T=225,0,5.9525037276818313,7.8260159645668486,7.0394051322309625,4.631241328964383,5.303520978532811,4.2501229534913261,3.9407819040736003,5.7235305774298881,4.0743063982287779,12.907795931683806,20.039208147005752,14.535623593460192,3.7759433626498273
R9_B1.jpg; T=240,0,5.5793224772559276,7.4942336222428256,6.9156416544264925,4.6045497275336382,5.357151957565522,4.3465582865175243,4.0887895260686582,6.0178111169593667,4.0818695340913482,11.672161054783675,20.914338172954785,14.958322267644361,3.9692506019558884
R9_B1.jpg; T=270,0,5.8497492010711865,7.9979170259628614,7.403814221218858,4.8561203292297836,5.4584173826935336,4.2398826858342007,3.8021943251118628,5.4312678393109808,3.9827727018493522,20.244668574156442,19.553700768003885,9.9004651772498811,1.2790297683071763
R9_B1.jpg; T=30,0,5.6984596714006628,7.5851302368238409,6.9965938001185943,4.6319395235238474,5.3782038072459279,4.3720718566797601,4.0801255267951122,5.8610969229516581,3.9555737447334831,12.055969716996536,19.391587883987466,15.417137179531176,4.5761101292119157
R9_B1.jpg; T=300,0,5.5397110596280541,7.3906601057744421,6.9506001002545821,4.6806667679100782,5.4468105900887576,4.4421716212622799,4.1522319005770916,5.9630035715111287,4.0116017472104666,11.472370267495544,21.880178768978467,14.214242123796868,3.8557513755122272
R9_B1.jpg; T=315,0,5.7129254199302624,7.4857757996608605,6.9265442966359876,4.6262174550265893,5.3412625533116191,4.2927165362315529,4.0120963535551324,5.9237221691881112,4.2299868818200022,13.729882745457832,19.457651815843786,14.380609489000893,3.880608484337368
R9_B1.jpg; T=330,0,5.6655848870278493,7.4536561152621879,6.835337399978048,4.6165046409666513,5.3941317084926865,4.3595323691038947,4.1214602481235714,6.0946233013321063,4.0930531873588905,12.3614485027472,19.716653621326934,15.095891630383834,4.1921223878961493
R9_B1.jpg; T=360,0,6.1890916497246966,8.1712003685214398,7.3137004779595598,4.7047246615664662,5.2829825042056404,4.1268663946379194,3.732184879472114,5.4424047051802686,4.1467562539749716,18.968496266821045,19.52185379030232,10.923738667138592,1.4759993804949767
R9_B1.jpg; T=45,0,5.9526993346908474,7.8261123620830082,7.0394387048365745,4.6312405494594149,5.3035018127365881,4.25008703409625,3.9407385814201841,5.7234359256210432,4.0742110166072711,12.907664688040054,20.038880708001656,14.535966969709651,3.7760223126974513
R9_B1.jpg; T=60,0,5.5793685204707968,7.4942427073260776,6.9156357183468735,4.6045449742417022,5.3571490165723201,4.3465454826114316,4.088766828801953,6.0177855299578882,4.0818978877471963,11.671989786398996,20.914051936169407,14.958799966282113,3.9692216450732278
R9_B1.jpg; T=90,0,5.8545311197328083,8.0012460256704685,7.4048172502778717,4.856963047440054,5.4616053806047047,4.2421106215650601,3.8020133446835316,5.4310686281904612,3.9797898121702695,20.40102672425342,19.447792981296963,9.8614047535361795,1.255630310578195
R9_B2.jpg; T=120,0,6.5258847227747019,7.8535370631834018,6.7774111144293645,4.37096642880672,3.775225771309529,5.2070084827717515,3.2259536001491642,6.3247443805342201,4.5095985204638946,11.718172193442831,19.71482331432917,15.717712710018578,4.27896169778667
R9_B2.jpg; T=135,0,7.0449615691217984,8.183283486399775,6.9033864744275526,4.3958857551815713,3.7524547401939041,5.0816255389149232,3.1063709494425984,6.0209484684439829,4.4290928881268163,12.513041220914079,19.222419979378387,15.373416999879167,3.9731119295754338
R9_B2.jpg; T=150,0,7.0328026823130978,7.9106713105652453,6.6729443292940047,4.288438774705682,3.6757553816398136,4.985960509450833,3.0860521909233065,6.1924373061717821,4.5208140314207812,11.278754608503034,18.701928578534414,16.242826577221653,5.4106137192563573
R9_B2.jpg; T=180,0,7.7906199249293913,8.5630755664232527,7.0877864012861513,4.4270386677758751,3.6877210711274908,4.8290958740715757,2.859814937608792,5.5170037658374564,4.449591474717252,17.077932024197906,18.483709071582986,13.417504176562305,1.8091070438795791
R9_B2.jpg; T=210,0,6.9920475683489025,7.8474921579115477,6.6426227981581016,4.3089652176280735,3.7048840459602097,5.0479012272927815,3.1276936555327324,6.1770921646364769,4.5610102994812962,10.862758685727911,19.08937702535545,16.277920828251478,5.3602343257150586
R9_B2.jpg; T=225,0,6.9536411103123674,8.1219812907133946,6.8296105524864181,4.3845069567734214,3.7739073807136378,5.0934111335226619,3.0663926602723146,5.9589284269649729,4.5360924723894085,11.706371382331525,20.161974249862357,14.807129568306825,4.6060528153507114
R9_B2.jpg; T=240,0,6.4232775714481445,7.8259781884283033,6.776703459753822,4.424954543078953,3.8184123294405015,5.2181194217990772,3.2144575288469444,6.3189603243831964,4.5029935293524321,11.801509982318278,20.141281418314648,15.348266801260172,4.1850849015755287
R9_B2.jpg; T=270,0,6.4979805626488796,8.2669440605191262,7.3464023465413693,4.7174788378234256,3.9576652671883279,5.2026286337810435,3.0699960214923281,5.8417802362436975,4.3306510937912908,17.058934468509257,19.418017780181387,12.942856006426327,1.3486646848535495
R9_B2.jpg; T=30,0,6.9960365740738464,7.8497623507364382,6.6463691532454741,4.3099905904359916,3.7007214807138937,5.0507783203094814,3.1388781408539645,6.1900622641686178,4.5364545843488653,10.818067347893543,19.046017447998111,16.365982036296238,5.3508797089255324
R9_B2.jpg; T=300,0,6.5258764399809586,7.8535806491083315,6.7774440502603088,4.370980389312952,3.775244641020977,5.2070311722297431,3.2259699241988442,6.3247458745646838,4.509501521627393,11.718167648153093,19.71475464269832,15.717701251332679,4.2790017955117259
R9_B2.jpg; T=315,0,7.0447910341820839,8.1832109567219362,6.9033694689477025,4.3958945589797684,3.7524745908624562,5.0816648023696631,3.1064077480387065,6.0210617340243076,4.4291578936314639,12.512982364263197,19.222431446078801,15.373413667105822,3.9731397347941031
R9_B2.jpg; T=330,0,7.0291896134511784,7.9145042515405475,6.6759694155936824,4.2915299850551323,3.68026527975992,4.9893690015790941,3.0839940393938656,6.180737691505076,4.516212469108452,11.383069220173647,18.645739536070906,16.221235886987586,5.3881836097809055
R9_B2.jpg; T=360,0,7.7914158133608007,8.5700134081102259,7.090563837840806,4.4288156651903288,3.6889690344042285,4.8294738623424855,2.8593423138258065,5.5111125405189014,4.440119420646198,17.077555714690234,18.468951093069226,13.425539400562306,1.8181278954384528
R9_B2.jpg; T=45,0,6.9535365995045364,8.1219150796802637,6.8295814431350825,4.384525867858061,3.773909563256058,5.0934028059707313,3.0664102946904164,5.9590031431095429,4.5362025076289036,11.70633683752604,20.16194373558703,14.807179124525581,4.6060529975277458
R9_B2.jpg; T=60,0,6.4233032188461827,7.8259922517861025,6.7767059055964376,4.4249553622681805,3.8184124330686919,5.2181065280526422,3.2144440399542207,6.3189402591873263,4.502958708664476,11.80151742945103,20.141286529781105,15.348288572458634,4.1850887608849732
R9_B2.jpg; T=90,0,6.4904952206361024,8.2557832524094028,7.3402693319036567,4.7158134291662304,3.9587280628113568,5.2046576162018816,3.0710314683533704,5.8436512202114459,4.3334724343356381,17.194964215508953,19.509392571966288,12.749875943357839,1.3318652331378094
R9_B3.jpg; T=120,0,6.7519602308559765,6.1957076914997558,8.9319323896240874,4.6399497154262779,3.9680937028718688,4.2648555548192215,4.0323902192438021,5.7449224083706989,4.3597950578818168,12.302872707169259,19.86962607846316,14.847882100213759,4.0900121435603269
R9_B3.jpg; T=135,0,7.2367619779363288,6.3628643958727649,9.0436450693663168,4.6022447002724034,3.8966980825622999,4.1844399682946074,3.9533426721054754,5.5518871695135985,4.3057136439405763,12.437733881096726,20.206753727993906,14.402294742122926,3.8156199689220736
R9_B3.jpg; T=150,0,7.2735996243557777,6.1889901099694731,8.7510199962858248,4.5182346229980528,3.8436399186660717,4.0845048851494816,3.859152997829296,5.63282349270444,4.3635700537324444,10.716926834674696,20.57621415709816,15.224034759161921,4.9672885473743582
R9_B3.jpg; T=180,0,7.9762271779936418,6.7636521076924874,9.2731215557057745,4.5962089414160099,3.7930403684400926,3.9282391356404638,3.5923237919534494,5.1348804679590634,4.3748177571480067,17.305473314694584,18.463045128326414,12.924349679392432,1.8746205736375727
R9_B3.jpg; T=210,0,7.1621725923401591,6.1667812793084957,8.6580342225454814,4.4288785793269199,3.7894095933352014,4.0948003584914838,3.926214105297988,5.7519388285659412,4.4527775827774621,11.179659276899853,18.201055279020281,16.140987928397124,6.0472903736936034
R9_B3.jpg; T=225,0,7.1515031916858485,6.2929855996694029,8.989098810759975,4.6063699626187482,3.9396730511148648,4.2351547549659108,3.9506012638661319,5.5215683591996214,4.2941137218238232,12.219580318768671,20.758552381435877,14.209209046794884,3.831589537296245
R9_B3.jpg; T=240,0,6.6768805085001732,6.1187866166156937,8.8316570341382139,4.5531217872917216,3.9099146337360917,4.2757507116348066,4.129023302301567,5.9384474882624234,4.5111674960483095,9.7684547676333811,20.76164735019869,16.314894896413268,4.2102534072256503
R9_B3.jpg; T=270,0,6.8028600095721332,6.4875219629837444,9.5592225628544565,4.8660019769718135,4.0668416000009957,4.2545696889096405,3.905683091427691,5.3443181790300747,4.2373084471072167,20.641771551153692,19.935991743136448,8.8587168792617206,1.0391923075903773
R9_B3.jpg; T=30,0,7.1508892015140129,6.1864600025065446,8.690550559036911,4.4455757890315279,3.7967653506380015,4.0906421770610164,3.9134902834821035,5.7193887551443217,4.4283506510155028,11.253486731173336,18.203936885742465,16.09752938960122,6.0229342240530492
R9_B3.jpg; T=300,0,6.7521616229309682,6.1957422440766381,8.9319349886891786,4.639924427892085,3.9680462833989489,4.2648103498022838,4.0323745087395224,5.7449459915851131,4.3597342054047665,12.302835638570841,19.869534605797611,14.848056627770214,4.0898985053418189
R9_B3.jpg; T=315,0,7.2374745074749676,6.3631377407364855,9.0437902609616181,4.6022170986410007,3.8966456912885832,4.1843225417675178,3.9531553106603088,5.5515035711754814,4.30540101996825,12.437932479116347,20.206450258385839,14.40262399899893,3.8153455208246818
R9_B3.jpg; T=330,0,7.2582723988083799,6.1871567351325174,8.7631981458220487,4.5149104867196614,3.832400927000029,4.0722384985301137,3.8529851222346121,5.6498167474641967,4.3720996906741725,10.752718763307257,20.568111407623498,15.197072215477393,4.9790188612061295
R9_B3.jpg; T=360,0,7.9769032056342324,6.7685363271945675,9.276820418402524,4.5951370430766474,3.7922239329450331,3.9278469071298949,3.5912359415549915,5.1322503016365459,4.3712684519202636,17.200835737613769,18.46179174808611,13.008456486426427,1.8966934983789887
R9_B3.jpg; T=45,0,7.1514468013944903,6.2929737862677619,8.9891063958516213,4.606380863172407,3.9396698199088704,4.2351745039646733,3.9506185012718418,5.5215555004024992,4.2941466807027844,12.219738608072335,20.75882273707396,14.208642832222536,3.8317229696942174
R9_B3.jpg; T=60,0,6.6768860314502954,6.1187939179964461,8.831674872213922,4.5531223801126091,3.9099138494081318,4.27575173325737,4.129032107387097,5.9384202769441465,4.5111853254588983,9.7684920803316828,20.761584385229781,16.314896514699893,4.2102465255097279
R9_B3.jpg; T=90,0,6.8074697936473205,6.488227287402843,9.5484998497942133,4.8566152963759617,4.0607465299573189,4.2501392325504517,3.9032634249164921,5.3470532843420164,4.2485678480802056,20.747078581028084,19.973218252028364,8.7363670237138802,1.03275359616286
R9_C1.jpg; T=120,0,6.5311871452834023,6.163864768807068,7.2467688939529289,4.7964141707866821,4.1850112437569518,4.6544274688863281,3.6651773784667769,6.6270779687138628,4.8919656553357944,11.438825913695045,21.316049958343946,14.309730141665375,4.1734992923058583
R9_C1.jpg; T=135,0,6.8720077677374283,6.3419534046421084,7.411315360624366,4.8894916154902193,4.2060078977071749,4.5398676903489132,3.4962825987365083,6.3753816937184027,4.687976664102349,13.474169254089091,19.837684854273906,14.524774219254908,3.3430869792746187
R9_C1.jpg; T=150,0,6.7080969379670146,6.1998784011251775,7.2849024033075516,4.8083214691949667,4.2090667164900646,4.6451531955279286,3.5912748468894176,6.4496727328363379,4.6007649678716325,11.962309468766337,21.069259712126733,14.206990965836914,4.2643081820599278
R9_C1.jpg; T=180,0,7.2321934263322269,6.7893852025820687,8.0388085980190738,5.1610933754526105,4.336801579153942,4.5343429985398016,3.320455057416964,5.7998722863812775,4.3684627141529262,17.290486475086311,20.541983553884467,11.033008961663015,1.5531057713353005
R9_C1.jpg; T=210,0,6.5302427010181914,6.1516779969374369,7.3513849872038755,4.878676479989533,4.2481414947510725,4.6738690629218222,3.625508048900997,6.5088223967781893,4.5895664157873473,12.54046590937533,20.981454689378378,13.653521745417335,4.2666680715404937
R9_C1.jpg; T=225,0,6.5087878988145844,6.1703259712578236,7.3701787428975205,4.8468624477305005,4.2552155565170802,4.7113124672118945,3.6607984946008791,6.521102924996339,4.6856845412847941,12.494704461427991,19.885755077553679,14.700934805071652,4.1883366106352327
R9_C1.jpg; T=240,0,6.3010157538331075,6.025734841770098,7.2434226844178164,4.8470657242787683,4.2665343352726035,4.7541481490658004,3.7334626726264935,6.8059245145081295,4.7808999750984462,12.131733204167958,20.698394758986829,14.791521240796245,3.6201421451776947
R9_C1.jpg; T=270,0,6.7856592106889382,6.5164001039601098,7.6235109487214183,4.8952127662625404,4.1722263665616817,4.5044861787522068,3.4431098640392488,6.3457329749368814,5.0587296836488314,20.075998477119569,19.812074890995891,9.7126437379633384,1.0542147963493431
R9_C1.jpg; T=30,0,6.5089575457193884,6.1640739896740877,7.3724779637692093,4.89291391968335,4.2659722696264692,4.6914645299711593,3.641894070237929,6.5111807433028153,4.5282915522941938,12.568055557384186,21.136393326005141,13.552555117263966,4.1657694150681124
R9_C1.jpg; T=300,0,6.5312495966359938,6.1639066605703876,7.2468098874009996,4.7964376112470601,4.1850263232751566,4.654437650638493,3.6651818794654552,6.6270946983819119,4.8919051144332197,11.438165728155074,21.315615655279515,14.311109893430608,4.1730593010861154
R9_C1.jpg; T=315,0,6.8723736642864495,6.3421005635198524,7.4113841618661471,4.8895037238848111,4.2059941686392071,4.5398052982194148,3.4962002585890697,6.3751768800924102,4.6877992655166505,13.47425936290283,19.837484601955659,14.524727470948653,3.3431905795788412
R9_C1.jpg; T=330,0,6.6971745970910002,6.2073824883791682,7.3039320979994917,4.8220898869354309,4.2182967174423434,4.6514412778909122,3.5927160722496683,6.4324883754405651,4.5805262295943088,11.93620210247038,21.070089710406823,14.269138750614555,4.2185216934853491
R9_C1.jpg; T=360,0,7.2368733417182076,6.7857349503957689,8.0330626343994602,5.1559396605269612,4.3320370636338836,4.5296346778314112,3.3185281071782589,5.8090236505816524,4.3779763016988484,17.251807379428662,20.376500741361362,11.203179278399091,1.5897022128464364
R9_C1.jpg; T=45,0,6.5086471155382188,6.1703067570230674,7.3702061344796812,4.8468887297058449,4.2552452550130564,4.7113519798565768,3.6608363357189919,6.5211595463719556,4.6856240915285525,12.494585025138216,19.885759348073442,14.701069056917721,4.1883206246346658
R9_C1.jpg; T=60,0,6.3009558981270644,6.0257407909610965,7.2434477352698101,4.847081658766041,4.2665579724814133,4.7541704691168105,3.7334747735849065,6.8059309099745855,4.7807499363089336,12.131987165506592,20.698572866710656,14.791378343215802,3.6199514799762809
R9_C1.jpg; T=90,0,6.7815711049128025,6.5164023907730124,7.6275084882878579,4.8972733700669995,4.1733691023143011,4.5051626978899764,3.4428760396115914,6.3446434252759065,5.0590482893840418,20.137995517239748,19.821162846429392,9.6423442269739237,1.0506425008404536
R9_C2.jpg; T=120,0,6.2891697791877785,5.7876185857328784,8.3541166991460827,4.409543719161003,3.8670605265032787,4.2880332343396041,4.1838091450387065,6.6605917070333671,4.50097669001208,12.615267447376606,20.722688653196119,14.531925487686381,3.7891983255861272
R9_C2.jpg; T=135,0,6.5831496257820286,5.9930771408449184,8.6100825722873502,4.4986838518712613,3.873045269577561,4.1983326128588585,4.0302791432140044,6.3930886129360172,4.4447143393582405,12.6707375850829,20.046300990480454,14.703639548814273,3.9548687068921256
R9_C2.jpg; T=150,0,6.3894340320621597,5.8200799325352808,8.5639446503059773,4.4971408784405043,3.9209267757183284,4.2969916190952357,4.1284934542778711,6.4397836413735936,4.1609698760901832,11.932409503672444,21.664815908454361,14.274409708991366,3.9106000189826871
R9_C2.jpg; T=180,0,6.9777485834628026,6.4156167604355492,9.4337491125324764,4.8280349605141684,4.0373538714879285,4.1864392049667511,3.8074821838789887,5.6211535207729924,3.9571672858057618,17.210226792643578,19.907588529031202,12.228544196099362,1.388894998368454
R9_C2.jpg; T=210,0,6.2490287433318965,5.7190940195928954,8.4630770873124401,4.4714395998660148,3.8904745107672434,4.2583694936037002,4.1374855199272416,6.5363497704096325,4.389221820819226,12.315563277536993,19.782915219267093,14.952193449262808,4.8347874883028163
R9_C2.jpg; T=225,0,6.39888683079473,5.8571797313540221,8.5396544217861443,4.4753825153019049,3.8796111190646463,4.2440338141231813,4.1147917534491114,6.4878613019930436,4.5747481997838486,12.902021360299511,21.653876044157315,13.552663991859839,3.3192889160327081
R9_C2.jpg; T=240,0,6.1169571217419625,5.6876889505603074,8.4465208658332411,4.4686950091453825,3.9035515202932185,4.320834257359615,4.2187734120250289,6.7445385312409902,4.4470903946457758,12.394819802088325,21.035807131921576,14.662968600989402,3.5517544021551632
R9_C2.jpg; T=270,0,6.5526184982741764,6.1671320723067211,8.8247848520876904,4.4932968999162428,3.8416674130963888,4.1485674379421811,3.972783641277855,6.3360375518962622,4.6792542415153715,19.956463893451641,19.170863248179611,10.529970527874607,1.3265597221812433
R9_C2.jpg; T=30,0,6.2576930113001215,5.7439713539972583,8.4921316613347422,4.468562468406339,3.8894459977835933,4.2535850152408319,4.1280363281456411,6.5126899669489813,4.3652238775363656,12.288999428230937,19.82283270654327,14.906274316365268,4.8705538681666685
R9_C2.jpg; T=300,0,6.2890361913441799,5.7875492656386172,8.3540510794070393,4.4095155466169205,3.8670499880922207,4.2880445566166578,4.1838372473423462,6.6606734563887855,4.5011674482606603,12.615206504597746,20.722595627003148,14.532058041357589,3.7892150473340895
R9_C2.jpg; T=315,0,6.5829207759417319,5.9929828889647005,8.6100202642770345,4.4986882614104013,3.873059915439018,4.1983606206412931,4.030335828609318,6.3932627271903701,4.4448342643062064,12.670169823686642,20.046065221431704,14.704155144623687,3.9551442634778895
R9_C2.jpg; T=330,0,6.4105545299551991,5.8375790509145951,8.5830082239795971,4.5019452738281629,3.9227421607782209,4.2973323151359741,4.1206738968051084,6.3976992706901923,4.1512294993299204,11.874640281891182,21.691074743803529,14.254228780203553,3.957291972684752
R9_C2.jpg; T=360,0,6.9812911173895058,6.4126464025041292,9.4260806419019314,4.8237103813416065,4.03404535855395,4.184064512023749,3.8080170296300255,5.6338672252471325,3.9613813482079214,17.101257615576131,19.887684202503461,12.348564434501867,1.3973897306185867
R9_C2.jpg; T=45,0,6.3980756599008295,5.8568436161668984,8.5394250348145366,4.4753536084156664,3.879651130284322,4.2441425028392326,4.1149797437105553,6.4883889446499694,4.575179455872509,12.901766280291273,21.654368344914669,13.552630047666767,3.3191956304727865
R9_C2.jpg; T=60,0,6.1167537649927333,5.6876113140337372,8.4464709341855642,4.4686769701315354,3.9035333866601984,4.3208477391229909,4.2188362171888842,6.744711123868238,4.4471907784774185,12.394783170352561,21.035727867265891,14.663099340339212,3.551757393381024
R9_C2.jpg; T=90,0,6.5516926823693504,6.1673297392983972,8.824338506038055,4.4948530304693115,3.8433608651147,4.1512853897172581,3.9740544894995264,6.3325936269034733,4.6747648955092158,20.007472905588305,19.181091200231702,10.473342386709954,1.3238202825507506
R9_C3.jpg; T=120,0,6.1418652846494055,7.6943391616254688,6.6976984193046238,4.4032640689627573,5.0936723744862809,4.1773940609148017,4.0511170483009931,6.3476081821345858,4.4023745590882415,11.487590759473887,19.659139984329094,15.427593626624384,4.416342470105481
R9_C3.jpg; T=135,0,6.5371229949441076,7.897861827737823,6.7993135900706241,4.40124390580577,5.0635074252048913,4.1269660192550575,3.9311477848682994,6.1215379422099963,4.2868100316363309,12.838567994215904,19.29133056094436,15.60865518073275,3.0959347423740917
R9_C3.jpg; T=150,0,6.4223173644387055,7.8271683860257877,6.8637854478656468,4.4610043862116404,5.1234915525538423,4.1557234186400036,3.9451029002654749,5.9476488005155277,4.0126992549698635,11.873753500506306,21.126598371746329,14.023562311992338,4.2171443042685368
R9_C3.jpg; T=180,0,6.8946269593916778,8.4196611592701149,7.3094570910821508,4.6761933731253356,5.1861113050206127,4.0095321298382487,3.6275208803326566,5.4249252880410612,4.0507050162741622,16.552891646316816,20.262541807580217,12.240869311056928,1.3449640326700092
R9_C3.jpg; T=210,0,6.2784058216797236,7.5692153464720926,6.7272777382991711,4.4086029760469456,5.0833392443777834,4.1458563630709797,3.9924644477726758,6.160635512740396,4.3139638071755479,12.745322861587519,20.71467491693754,13.896195059623571,3.9640459042160696
R9_C3.jpg; T=225,0,6.3085704141826069,7.7189347247949947,6.7626683716252805,4.3864335816964832,5.0476293479686678,4.1247007648869376,3.971343724880505,6.3131774944128765,4.4375483507667433,12.478029810294268,20.302454601884726,14.797695357652302,3.350813454953609
R9_C3.jpg; T=240,0,6.0825727172670714,7.5510475947089875,6.6052148447150048,4.3603467419733022,5.0867436664986636,4.1713204052699933,4.0408184494225354,6.4333002638471379,4.5708163792573826,12.160774315415154,20.203144269464765,14.44904897419338,4.2848513779666124
R9_C3.jpg; T=270,0,6.4509714310620927,8.2365173212588036,7.1087012892993178,4.5166228058717834,5.083850618897479,4.0483263338537245,3.7674776658652367,5.7901586308616961,4.5151005337918484,18.81532440291685,19.377509640592717,10.945513656316317,1.3439256694121389
R9_C3.jpg; T=30,0,6.2634735237106725,7.5723706739493624,6.7189596307227264,4.4030264537046326,5.081319318278287,4.1562291263171884,4.0056648117207949,6.1609093858706165,4.3294231579010978,12.758293521534073,20.753804922257064,13.817130822011011,3.9793946520224814
R9_C3.jpg; T=300,0,6.1418300084238577,7.6942972208208884,6.6976601241552771,4.4032469361189124,5.093654597479488,4.1773774620321262,4.0511106931650094,6.3476746167177485,4.4025032306196179,11.487506583125178,19.659086894230786,15.427671487769384,4.4163801453417282
R9_C3.jpg; T=315,0,6.5370614165693404,7.8978019188808819,6.7992717716263114,4.4012265064640888,5.0634990766528736,4.1269622532561163,3.9311498239957969,6.1216149566062175,4.2869063377765011,12.838328598552728,19.29108952931189,15.60908923684555,3.0959985734617077
R9_C3.jpg; T=330,0,6.4395876147120283,7.8222664342313166,6.8636441255996026,4.4528987760464345,5.1103462355013098,4.1478203258348962,3.9449165633983041,5.946877649186745,4.0320279537521495,11.791488062417658,21.1705754351518,14.04956551722333,4.2279853069444338
R9_C3.jpg; T=360,0,6.8974942711021212,8.4251322871950745,7.3202075399654474,4.6821303329723367,5.1914227307616905,4.0104884413837132,3.6238253699273599,5.4193900214338244,4.0401167763741617,16.527811936844788,20.387918152802655,12.133050621196199,1.3410115180406272
R9_C3.jpg; T=45,0,6.3078925105163153,7.7185756173083178,6.7625264799145084,4.3864138317784924,5.0476898984698719,4.1248138218762724,3.9715403899140163,6.31360693445954,4.4378458253288269,12.477764757692828,20.302536716888586,14.797844543809607,3.3509486720428168
R9_C3.jpg; T=60,0,6.0823787484951568,7.5509498317607022,6.6051725458184345,4.3603384309128375,5.0867387382978775,4.1713357042627806,4.0408742445099994,6.4334153504084739,4.5708722820496019,12.160742135551152,20.203019630156348,14.448987844445556,4.2851745133310963
R9_C3.jpg; T=90,0,6.4510385527991021,8.2369193613185239,7.1099850545709371,4.5168930779366265,5.0859115755834994,4.0492431570959004,3.766412405667944,5.7888292915199075,4.5120121291925548,18.817560541608817,19.369472007565879,10.936063070006485,1.3596597751338499
R9_C4.jpg; T=120,0,6.2220209462426999,7.6761744115080797,6.6402170320999572,4.3321091253254771,5.0114757567644874,4.120568336731453,4.0091296131951237,6.298867522436848,4.426132285848988,12.355063320020585,20.471721668473986,14.472767738371401,3.9637522429809176
R9_C4.jpg; T=135,0,6.4262319344291674,7.7873281862901376,6.7907124828650876,4.3884979744233803,5.0187619019593006,4.0803667556338121,3.9185150321647808,6.0739126907720031,4.3233357292429231,13.95391199923948,19.072149773884512,14.158358371926976,4.0079171671684364
R9_C4.jpg; T=150,0,6.4275227392554815,7.7235260720663019,6.7646953721624064,4.3706430848968925,5.0505240483346192,4.1258583624983549,3.9163316832135369,6.0101632625752135,4.1657234572377861,11.882737404256035,19.777661195500976,15.534105608254626,4.2505077097477546
R9_C4.jpg; T=180,0,6.9551329727205502,8.4597602961314067,7.3324471633014188,4.6544066730887286,5.1477329484299217,3.9538979687399367,3.5584138819412874,5.3325377954962967,4.0099673741565534,17.480083074424467,19.604811992373801,12.008071576409607,1.5027362827860309
R9_C4.jpg; T=210,0,6.2758478559054671,7.6311714658711791,6.7483454647527603,4.3901404510431012,5.0474142872081194,4.1183851867631924,3.939666746026655,6.1613577048459405,4.4416500509443049,10.765253645369468,19.639886520820649,16.370411975439232,4.4704686450099267
R9_C4.jpg; T=225,0,6.3685914195875908,7.7197357371503381,6.7440216911400439,4.3906548725118748,5.0389912752853805,4.1134187496814469,3.9608267280416753,6.1564211512415277,4.4410881350023326,14.516079127083108,20.4199277208198,12.784754683086515,3.3454887093683707
