Image name,0,0.063,0.125,0.17999999999999999,0.25,0.29999999999999999,0.35499999999999998,0.42499999999999999,0.5,0.70999999999999996,1,2,4,8
R10_A1.jpg; T=120,0,3.3425079047766335,5.5675385868058234,7.5836048732902226,5.405345870699505,3.3136322416362307,5.7904397484447943,4.6568785921187317,7.6038773069568277,4.9604542292348688,13.674897754811544,19.960701189073195,15.042322357510278,3.0977993446413388
R10_A1.jpg; T=135,0,3.5113176022825425,5.7946898591362928,7.8840310863299665,5.6209801809850255,3.4104183873070384,5.8346488550436719,4.5898689853181187,7.1583844444179991,4.7860280081933091,14.749547067260034,21.829360801455607,12.040411971019145,2.7903127512512493
R10_A1.jpg; T=150,0,3.4332369542925143,5.6408235331317638,7.7186013864803265,5.5214508489724885,3.3470379831627,5.7572430458847865,4.5810098777965775,7.4764499216194569,4.862653582312376,13.792727684479791,21.377599552388567,13.341637260984713,3.1495283684939319
R10_A1.jpg; T=180,0,4.0658292874163884,6.4958959427828535,8.5910209656952201,5.8226171314309916,3.3439434062959204,5.3720675106865023,4.0122338638558519,6.387108776246504,4.8967737970092564,22.590643846267305,19.349782390482162,8.2281575857798117,0.84392549605123002
R10_A1.jpg; T=210,0,3.3367491817898962,5.5250510880882295,7.6381407246277728,5.4878644200605962,3.3571641312936884,5.8196956497325525,4.6814723175699591,7.5645982994486465,4.8520970485535493,15.278408411587355,20.834426572311841,12.609806959895421,3.0145251950404903
R10_A1.jpg; T=225,0,3.3366941816590736,5.5593485083345806,7.7014637720384576,5.5356458302717124,3.3952720722898402,5.8699070786317993,4.6637436802100742,7.4712459455638536,4.8980975917903038,15.682766895400029,20.987582151345048,12.165352534103427,2.7328797583618023
R10_A1.jpg; T=240,0,2.898014026084351,4.9652134621487267,7.1713196211366022,5.462204592135997,3.5098973442194668,6.3035724875358783,5.1237883650400304,8.0699183277184705,4.6794779078415258,13.39352648901183,20.623627456590963,13.836340878272402,3.9630990422637562
R10_A1.jpg; T=270,0,3.0771661026811814,5.4515610868151345,7.9548946553837316,5.9727922004448244,3.7288930540226879,6.3895349972718787,4.8503006691690524,7.0282644300649526,4.5725114299068919,20.063618502384859,19.677584157291481,10.268612452419749,0.96426626214360345
R10_A1.jpg; T=30,0,3.3381773358303857,5.5265832985423771,7.6389239168590626,5.4875834390668619,3.3566204900518848,5.8182403143129635,4.680134073704008,7.5633177373657201,4.853023760720637,15.278445265780231,20.834242146064231,12.609972332580528,3.0147358891211096
R10_A1.jpg; T=300,0,3.3232906518091867,5.5474103998918567,7.5782948001471695,5.4159796883207632,3.3302270264109155,5.8256159221099804,4.6776591716238878,7.5989148312165478,4.9251653247159934,13.683577809450927,19.775162597410269,15.141749110736516,3.1769526661559837
R10_A1.jpg; T=315,0,3.5121724833278454,5.795283497774423,7.8843729031511556,5.621086608770919,3.4104314234325499,5.8345266530058204,4.5896152991456436,7.1575871816859236,4.7853690975173535,14.750194762832887,21.829285063764786,12.040100549532347,2.7899744760583483
R10_A1.jpg; T=330,0,3.4334644783792001,5.6409470778532187,7.7186534964478533,5.5214533220704984,3.3470287073299061,5.7572024829803601,4.5809499596293941,7.476264338145949,4.8625249759844227,13.792875558676839,21.377854493480967,13.341304261738932,3.1494768472824446
R10_A1.jpg; T=360,0,4.0765099653674763,6.5053844569521164,8.5940190528671128,5.8197733560182581,3.3403478920244782,5.3645972821607941,4.0069448181569909,6.3876258204856606,4.9046835663439934,22.747163738548537,19.227986294874945,8.1802288611085086,0.84473489509113431
R10_A1.jpg; T=45,0,3.336345143516164,5.5591052333846775,7.7013206588527687,5.535594202547407,3.3952598425139082,5.8699418833156374,4.6638356339823295,7.4715723120632145,4.898368586054767,15.682715799440745,20.987789184854808,12.165046260033277,2.7331052594402903
R10_A1.jpg; T=60,0,2.9200936838531111,4.9829331992910859,7.1682564650156735,5.4490651616544135,3.4943364748533718,6.2636204335611945,5.0925524349785682,8.0518978488322013,4.7249907891202714,13.442758924427448,20.561747757129531,13.900657191985418,3.9470896352976959
R10_A1.jpg; T=90,0,3.0316750648391331,5.4023264478900028,7.9320503187739906,5.9841188169699864,3.7490022930562015,6.4381818908551685,4.8884762097073136,7.051404427368853,4.5539286189356911,20.055366974105667,19.57469939397048,10.359192792672909,0.97957675085460705
R10_A2.jpg; T=120,0,4.6590819994606365,4.7510768985920802,8.8545613629025812,3.9838196275440905,5.308149876448633,4.4342225331155385,4.6436091850117931,6.9004950967464724,4.6725193897993869,13.541108962202005,20.774673812389558,13.397137787156248,4.0795434686309786
R10_A2.jpg; T=135,0,4.8422165278191924,4.9322293602912124,9.1873182501936945,4.0394623795896534,5.2393378747599639,4.3251598414402581,4.4961436801449643,6.6698379716630711,4.6820478232470775,13.536466919810223,23.74555793735777,11.75482392358677,2.5493975100961488
R10_A2.jpg; T=150,0,4.5705139038900064,4.7040503141841636,8.9033101384732074,3.975325927198488,5.2471227261654239,4.4024505673308632,4.6259249325235805,6.9620919440928883,4.743150331867688,14.119001050206585,19.410771567829112,14.515246754324179,3.821039841913815
R10_A2.jpg; T=180,0,4.9852499168241815,5.1370419210291134,9.6557070869128818,4.2199445048864135,5.3634462746291449,4.272092658943877,4.2765479925920262,6.2177903631868849,4.722152356147074,22.887752254619471,20.035737296441678,7.398944472967278,0.82759290081997761
R10_A2.jpg; T=210,0,4.5348873890616339,4.6725475935376206,8.837833512298209,3.9608545603830514,5.2156163685094254,4.3621095417393194,4.6191820208856509,6.9738984164416564,4.7845591044643587,14.151141825357769,20.897114696539067,13.384542276344321,3.6057126944379263
R10_A2.jpg; T=225,0,4.6641276322453891,4.7942807431041548,9.0212775373345426,4.0683940921150965,5.4170241979836993,4.5274972382153162,4.671961714324909,6.7853636176565324,4.4574321026905324,14.626118055521381,20.057940858765395,13.557866207728262,3.3507160023147931
R10_A2.jpg; T=240,0,4.6964516485066632,4.7293318932084851,8.8409980697205022,3.9638518270489271,5.2697828558456123,4.4453659706294033,4.6814474306904605,6.9802303852816019,4.6456609714408961,12.914823302472973,19.948643516489998,14.786218734930475,4.0971933937339937
R10_A2.jpg; T=270,0,5.169027233531188,5.1818812270722736,9.6013068929291947,4.1939464741263883,5.3884706023978231,4.3448054199939845,4.3515714637316742,6.2726966268951285,4.5121683696437671,19.611727686373825,20.458608558416969,9.8136566903171403,1.1001327545706592
R10_A2.jpg; T=30,0,4.5349308680282689,4.6725693587558723,8.8378470381779195,3.9608561435604495,5.215621574169341,4.3621031796012959,4.6191561596798669,6.9738754441473629,4.7845931069621903,14.150806497153946,20.896966049896164,13.385039993708824,3.6056345861584962
R10_A2.jpg; T=300,0,4.6904749605896434,4.7738128437267324,8.8784273863213912,3.982383104817862,5.2940045168254404,4.4149309114475273,4.6286457952874072,6.8996914932935276,4.6675791975735406,13.429333084464812,20.868241369670091,13.460930075077233,4.011545260904791
R10_A2.jpg; T=315,0,4.8423543060414875,4.9322912513504553,9.1873520969747666,4.0394607770046447,5.2393204967050568,4.3251351779372964,4.496098947669263,6.6697310743427671,4.6819608266424408,13.536757332802491,23.745925534649633,11.75417620669457,2.5494359711851362
R10_A2.jpg; T=330,0,4.5705528946658411,4.7040674165230856,8.9033284526671927,3.9753288992455733,5.247122714803762,4.4024609933691909,4.6259288762106845,6.9620613724903011,4.7431595156853481,14.118991879388425,19.410925795690428,14.515061590842755,3.8210095984174162
R10_A2.jpg; T=360,0,4.9886338666142223,5.1394697751235086,9.6574813236728829,4.2188770769000419,5.3611915200673845,4.2691697492322485,4.273372152430496,6.2147811118379819,4.7225337901118163,22.880139109048446,20.031288613836256,7.3905675883181834,0.85249432280653792
R10_A2.jpg; T=45,0,4.664227271852492,4.7943220990933497,9.0212979350563067,4.0683905037192867,5.4170153996749484,4.5274891461913427,4.6719346869371066,6.7852851663098122,4.457430233215363,14.626082942314394,20.057791982647775,13.557993730200696,3.3507389027871297
R10_A2.jpg; T=60,0,4.6711141729915733,4.712813451652341,8.8356262403091019,3.9683161710064394,5.2843426275712941,4.4632979684333485,4.7015440721330961,6.9789957997412575,4.6112348424548655,12.968366257645767,19.988028499642734,14.719710485113287,4.0966094113048932
R10_A2.jpg; T=90,0,5.1676556969136751,5.1789710833400564,9.59942164624265,4.1939912380920763,5.3888314005821085,4.3468478771518404,4.3554904722897705,6.2771454637336221,4.5129173182685527,19.519739761170676,20.51220412319671,9.8575367797603182,1.0892471392579464
R10_B1.jpg; T=120,0,4.6377782639382543,6.7362091022594761,7.9066618725199822,3.4342164989935404,4.5157745079782314,5.0413528029748012,3.9971312083491286,6.9627855064773296,5.1640792878991792,12.319991868709554,20.16751973697815,15.139510913973082,3.9769884289492849
R10_B1.jpg; T=135,0,4.8491969330711333,6.9370401849749426,8.0599695808232532,3.4995499413875355,4.5877288452750662,5.0737242280845098,3.9486427302525446,6.6934080833819225,5.0238492051909009,12.674907491323664,21.237492458643001,13.412591202198779,4.001899115392753
R10_B1.jpg; T=150,0,4.8329758794672699,6.7862032952714015,7.9988039487061169,3.4846340951795685,4.564416051896842,5.0796158560849234,3.9991400928261513,6.8637547590601162,5.0648489294558203,11.550695337567635,21.5722435529891,14.52303955228739,3.6796286492076713
R10_B1.jpg; T=180,0,5.2377826873721416,7.4766789149421777,8.7747164716902226,3.7437921457117413,4.7648773115759724,5.0470558025163372,3.7250150706379248,6.046236474659394,4.6765835492419461,18.578031898648753,19.51486423944268,11.206403541478947,1.2079618920817523
R10_B1.jpg; T=210,0,4.7396276497658834,6.7808450865930077,7.9488325340024506,3.4818313838617416,4.5621480773666212,5.0685679079664538,3.9937162488076536,6.8482904122095976,5.0985606329711928,11.212444766554675,20.131980082638265,15.766632191032144,4.3665230262303085
R10_B1.jpg; T=225,0,4.8474170856018732,6.882839850423025,8.1640875619682678,3.5675591944789766,4.6167229493461219,5.0421879660662503,3.9506409793082118,6.7015799012147319,4.8721190408932715,12.996553606869421,20.388769656105502,14.202361659936342,3.7671605477879928
R10_B1.jpg; T=240,0,4.7716339039787146,6.794131943650374,7.9983399616788313,3.5031913337653817,4.5538759575197965,5.025937038145738,3.9745643790190321,6.8143756978656764,4.9161231060442825,11.876191724483714,21.181572549394506,14.392230164220786,4.1978322402331605
R10_B1.jpg; T=270,0,5.0118927900207879,7.3314088599927922,8.5476396822853964,3.6400099946656961,4.6553215640978234,4.9992983075392567,3.7976607121733381,6.3468551722595485,5.0722651937735863,18.995957298585765,19.854092421125838,10.521917830278397,1.2256801732017524
R10_B1.jpg; T=30,0,4.7449179330964766,6.7654564429028783,7.9602812592214596,3.4953181412592427,4.5782980181666524,5.0709392446503765,3.9916332224043733,6.831864399313341,5.0882813050290183,11.105051248480217,20.16189784787764,15.849340299950384,4.356720637647963
R10_B1.jpg; T=300,0,4.6377943935718982,6.7362484548230004,7.9067146618525816,3.4342378803950089,4.5157999075019291,5.0413669172789488,3.9971388176753249,6.9627847775351706,5.1639960874136932,12.319697858881574,20.167266768345964,15.140182792858276,3.9767706818666522
R10_B1.jpg; T=315,0,4.8491032614054586,6.9369864706154321,8.059949937602779,3.4995550514808702,4.5877395318738516,5.0737273580856987,3.9486678700193281,6.6934631184557762,5.0239138284205875,12.674788595977626,21.237468855750553,13.412731711951848,4.0019044083601862
R10_B1.jpg; T=330,0,4.8264919428369017,6.78291979294921,7.9969798991906487,3.483182716544976,4.5640125446129742,5.0724804318115595,3.9890182454471121,6.8823417088377203,5.0698156701562942,11.650252962269134,21.558428882496628,14.470253298128078,3.6538219047187681
R10_B1.jpg; T=360,0,5.2400151496928444,7.4793546469131051,8.7759296451908249,3.7471347197977001,4.7662953762818612,5.0465322019954186,3.724975567580799,6.0500664433164024,4.6749399903638684,18.38781190935482,19.86035722770961,11.067815742513602,1.1787713792891592
R10_B1.jpg; T=45,0,4.8467501008905485,6.882381433572812,8.1638594472009487,3.5675377297580404,4.6167599496568723,5.0423053488007739,3.9508126340447616,6.7021033650842154,4.8725306488324938,12.996057491515099,20.388820232563642,14.202683360174778,3.7673982579050116
R10_B1.jpg; T=60,0,4.7714142677488534,6.7940090942046787,7.9982817582982086,3.5031880567930149,4.553890614094815,5.0259725800354937,3.9746076628968776,6.8145253956734733,4.9162503113751486,11.876079451615533,21.181439986015093,14.39258758813858,4.1977532331102365
R10_B1.jpg; T=90,0,5.0125575086384311,7.3318920945480066,8.5522527032879871,3.6417790430991719,4.6578145464912764,5.0015358013221087,3.798493309145786,6.3444110535604272,5.0652421894825999,18.981650639649121,19.88031009682852,10.522634805105774,1.2094262088407948
R10_B2.jpg; T=120,0,4.8656508292854665,7.0350376655214433,8.1223089484787963,3.4871198847417766,4.5400299120951502,5.0395546156248336,3.9665112179151465,6.7061467434710433,4.8983763473377939,12.33014744086131,19.901716505723481,14.454710727888894,4.6526891610548713
R10_B2.jpg; T=135,0,5.1094504909539102,7.1922696039721599,8.3184140632523924,3.5981206271283086,4.680863097774048,5.0598314042525319,3.8413319807261423,6.3149926844144924,4.6875937005748636,13.295724224668179,21.300702027910219,13.550027230306153,3.0506788640665965
R10_B2.jpg; T=150,0,5.0097190063025865,7.1027986301714181,8.2789045192796866,3.5635293962710786,4.6141205146229121,5.0763654606630073,3.9542050744512882,6.6298283770593258,4.7062800784991081,11.627342926002154,21.215650514464699,14.461739332843173,3.7595161693695611
R10_B2.jpg; T=180,0,5.4666601237048864,7.712332855867988,9.0067473869039425,3.8143633934618553,4.7872708704665978,4.9836522606332823,3.6461109150019615,5.7407162684230775,4.3953524476883015,15.616198039940793,20.450773208921319,12.743887892135735,1.6359343368502686
R10_B2.jpg; T=210,0,4.9571254447850359,6.9480140165094362,8.1479946933361287,3.5390112580370685,4.6082130470579417,5.0835577157745435,3.9561618376491028,6.539293183232334,4.6405685062863933,13.082715286833613,21.055593010040035,13.524017330079415,3.9177346703789562
R10_B2.jpg; T=225,0,5.0742171041169035,7.1341205356165576,8.3303798622203811,3.591095923436848,4.6390019503551816,5.0497586431554051,3.8916464592584319,6.4555433427322813,4.6770836441058847,13.537492676335061,20.505721856288766,14.104040825705054,3.0098971766732263
R10_B2.jpg; T=240,0,4.8379948046887034,6.9821574198761471,8.2339864710052098,3.5668061026908746,4.6427261796202375,5.1373045811458722,4.002344015072425,6.63399107414544,4.6256035193370595,11.592629516500974,20.855139007493211,14.852456171304393,4.0368611371194394
R10_B2.jpg; T=270,0,5.1614917699694596,7.5639242422030435,8.802271140403958,3.696455501551164,4.6672534829797909,4.9326063470493784,3.705882919407165,6.1658929632962014,4.7321077769508388,19.107403238042487,20.002925957108239,10.353417682475444,1.1083669785628449
R10_B2.jpg; T=30,0,4.9629873746676738,6.9597528056768931,8.1631455057120128,3.5428656128764886,4.6038668453724476,5.0692567265977218,3.943988373343664,6.5378634931678565,4.6527742823112801,13.018087911527365,21.046128917279773,13.567583613886368,3.9316985375804512
R10_B2.jpg; T=300,0,4.865774681414738,7.0350953740780113,8.1223393157040977,3.4871194773086316,4.5400134767506612,5.0395283333201366,3.9664805393110658,6.7060787530912185,4.8982718564766135,12.329892348177829,19.901327217622846,14.454982243156204,4.6530963835879504
R10_B2.jpg; T=315,0,5.1098678371322634,7.1925664941080996,8.3185830709771427,3.5981460092034441,4.6808475474490985,5.0597511426509101,3.8412122800331017,6.3146664684187126,4.6873217443936603,13.296043218606384,21.300578464246424,13.549806158444149,3.0506095643366189
R10_B2.jpg; T=330,0,5.0259500000141575,7.1203869772135624,8.3217951590625017,3.5715978792177423,4.610645322395003,5.0629005028617922,3.9369054246039448,6.5996297593419682,4.6897037307570777,11.51369168187075,21.279626633100182,14.539933610765267,3.7272333187960558
R10_B2.jpg; T=360,0,5.4579258863289297,7.7029770857422939,8.9945685510138986,3.8085266347858231,4.781962537228587,4.9817311602838394,3.6502356628780506,5.7536729589204691,4.4046105998956886,15.654644564131566,20.194310166261975,12.944747682800713,1.6700865097281716
R10_B2.jpg; T=45,0,5.0740647582090492,7.1340362133976427,8.3303568746893522,3.5911023338298804,4.6390167596377818,5.0497941036651088,3.8916946824187058,6.4556656871329787,4.6771044510102433,13.537404421043155,20.505776005693072,14.104106432734939,3.0098772765380764
R10_B2.jpg; T=60,0,4.8378873272714413,6.9821029628508402,8.2339465551868738,3.5668103804775817,4.6427377758737709,5.1373106118356695,4.0023559853329731,6.6340504893218721,4.6256168011257968,11.592944126021292,20.855603668783804,14.851951625362695,4.0366816905553966
R10_B2.jpg; T=90,0,5.1624955139003834,7.5625658950417911,8.7995221569821656,3.6954621373685854,4.6660617026318132,4.931557398594137,3.7055600588841986,6.1683231953318121,4.7336671118073985,19.091636460382908,20.046190067798488,10.32988975507323,1.1070685462030776
R10_B3.jpg; T=120,0,6.6203852347817227,6.3798717344328937,7.4278705293364125,4.7842286373816787,4.1443347464808573,4.5878161985480181,3.5690550794412297,6.5222019740933748,4.4786940677030636,12.521195179027064,22.184073415423804,13.850180855282499,2.9300923480673777
R10_B3.jpg; T=135,0,6.9700142427481664,6.5966525587551521,7.7007465360462364,4.9198950388739258,4.2075078495502858,4.5820390457343585,3.4725009807700133,6.1108366375388803,4.3077744273857546,14.502136321143176,20.47357165381931,13.346164714711422,2.8101599929233103
R10_B3.jpg; T=150,0,6.7594740027026834,6.3399792903129182,7.5225163090857139,4.9367333519603696,4.2498122978618724,4.6424090291981575,3.5823879873288749,6.3338140007978616,4.2193493166800913,11.83035010488606,21.242920679780696,14.698712622108134,3.6415410072965497
R10_B3.jpg; T=180,0,7.5235689552764091,7.0966443711697735,8.1853372560417323,5.171984187216017,4.3027100002337884,4.4439840385199174,3.2109623705887,5.4706347588338646,4.1161671989382418,18.707304997560147,21.488845539638056,9.1362086964849727,1.1456476294983626
R10_B3.jpg; T=210,0,6.7394648568435178,6.3441154271892204,7.4943002122338358,4.8984423082873061,4.2252264523879735,4.6398210986079134,3.5791707111500051,6.3517659096669972,4.3096334837514219,11.29538493912596,21.178788806076017,14.458287555825795,4.4855982388540365
R10_B3.jpg; T=225,0,6.9871004657226328,6.6048954879922928,7.7525338526820864,4.9932776614998025,4.2476314650642992,4.5538143724226101,3.4206370678782685,6.03112306175385,4.2625015680131098,14.588275945574413,22.102753545316887,11.60247494927467,2.8529805568050683
R10_B3.jpg; T=240,0,6.7576514171931805,6.4439405056691417,7.5151275295727071,4.8803171336753683,4.2026675625091432,4.5828845752040808,3.5416620676924646,6.4780133167036293,4.4277404386653787,12.44027646652815,21.399067946337379,14.331575609535316,2.9990754307140612
R10_B3.jpg; T=270,0,7.0666169513069201,6.9359100580308519,8.0047907267163758,5.0675666688791337,4.2819313935785868,4.5074631160642813,3.2967827591126411,5.8181797202223979,4.3663872130468926,20.210035641825066,19.819508200313507,9.6959238788019473,0.92890367210139801
R10_B3.jpg; T=30,0,6.7301223214490351,6.3393897095142577,7.4938443168111917,4.9110218549157238,4.2401659542681518,4.6527164070918028,3.5808043688151536,6.3408515494638635,4.2997370013161964,11.382387019901069,21.243434677120934,14.323133074100346,4.4623917452322779
R10_B3.jpg; T=300,0,6.6202411616008634,6.3798196640823308,7.4278325240978775,4.7842204621625681,4.1443387535567204,4.5878258855327223,3.5690650508885891,6.5222734470386792,4.4787892294064751,12.521242896173892,22.184159330033964,13.849965613805287,2.9302259816200364
R10_B3.jpg; T=315,0,6.9696579101743259,6.5965282757653245,7.7007043649326423,4.9198977707790883,4.20753016921529,4.5820962943451979,3.472578057011745,6.1109940282692827,4.3078920403075811,14.502631170423276,20.473891912827586,13.345425014812465,2.8101729911361977
R10_B3.jpg; T=330,0,6.758888486281549,6.3468709043329676,7.5209691701535739,4.9352163860300928,4.2649174666164713,4.6654681671688829,3.5920113748596245,6.3335506825325778,4.1809895312398924,11.757012734121005,21.356123536941148,14.680716458516596,3.6072651012056429
R10_B3.jpg; T=360,0,7.5158331392765305,7.0922808056452631,8.1806788883227561,5.1689553075903918,4.3032782200631852,4.4421350941753026,3.2082534493047117,5.4751340937208495,4.1277699623462256,18.663316134709078,21.379801644511911,9.2832513148538265,1.1593119454799532
R10_B3.jpg; T=45,0,6.985980839370872,6.6044521728791485,7.7523348920860817,4.993273904919544,4.2477068248144514,4.5539918817127365,3.4208829364695723,6.0317493594221965,4.2629336856255371,14.587306783907476,22.102816149599867,11.603161534150768,2.8534090350417363
R10_B3.jpg; T=60,0,6.757272710954827,6.4437934178391849,7.5150497054135856,4.8803018580590418,4.2026752463971091,4.5829340095591631,3.5417397999361127,6.4782192439491393,4.4278535198823663,12.440374152967539,21.398922419837564,14.331588168632571,2.9992757465717976
R10_B3.jpg; T=90,0,7.0617534046964003,6.9362080104841901,8.0093163802632681,5.0699357353271912,4.2838123227045788,4.5095744491503229,3.2985751486273216,5.8203257719799719,4.3633096590832725,20.21805165155827,19.781112264892077,9.7217542031089241,0.92627099812423042
R10_C1.jpg; T=120,0,4.2650690698077236,8.5307087156167913,5.7404232611806725,5.0410000426492312,4.4047660168171916,4.8830454494874571,3.8028237585910856,6.948092053614924,4.6479592670501324,13.755047699552398,20.154976354062377,13.765605309651392,4.0604830019186346
R10_C1.jpg; T=135,0,4.4634332655260023,8.6803313288642663,5.8526851831889868,5.1163561614061388,4.4703877584399834,4.9223321462925043,3.7545441330722058,6.6393829918133846,4.4881864864487593,15.411787840941772,21.646691365344445,11.574789672491155,2.9790916661703961
R10_C1.jpg; T=150,0,4.3962297230312535,8.5264890193595555,5.8112913575775229,5.147266164719122,4.4932514573603317,4.9266799060390483,3.7889537127005481,6.7693681055489865,4.4973479433165497,13.236796382032654,21.377783148728398,13.377329053952145,3.6512140256338719
R10_C1.jpg; T=180,0,4.9653849025057486,9.4840659335576127,6.2938929864107074,5.3728315741744082,4.518987956703965,4.7439301142729775,3.4837323645087426,5.9925169278573991,4.2213072465513664,20.283160509308765,20.620529807022475,8.7884086786835667,1.2312509984422575
R10_C1.jpg; T=210,0,4.6215632075455169,8.7304077639577802,5.8205775825674975,5.0875060644225636,4.4161134833421603,4.8658011389833025,3.7724987308675808,6.7668376216940036,4.4477244694434495,12.763259157635362,22.219046424935602,13.50035532775834,2.9883090268468462
R10_C1.jpg; T=225,0,4.5914384118722191,8.8451115696278659,5.8980858922311423,5.16007292056966,4.462539087435621,4.8800373466361613,3.7165885029105534,6.5029883935462633,4.3805263939714845,15.057325157937735,20.595402725848828,13.049323811256725,2.8605597861557377
R10_C1.jpg; T=240,0,4.4458242623917625,8.6945284967154866,5.7488353706687034,5.012443804492853,4.3537153669639022,4.816601680660316,3.7658930395297259,6.8642878054070673,4.7212981289572236,13.244518055201096,20.570943512017351,13.720440486179276,4.0406699908152302
R10_C1.jpg; T=270,0,4.6123975951568541,9.2592894442298377,6.1438105319062224,5.235635844293129,4.44727904967732,4.749372825328833,3.5487898039568289,6.2761170409342233,4.7633806942766306,22.321750671403727,19.621119704980138,8.1633090538774749,0.85774773997878995
R10_C1.jpg; T=30,0,4.6163596761762333,8.7066268431095057,5.8195544893997893,5.1007627576303332,4.4320278728777334,4.8815835882226661,3.7761462107684887,6.7457906231393752,4.4404212336922484,12.836868200100167,22.281657399951872,13.417213942636149,2.9449871622954467
R10_C1.jpg; T=300,0,4.2651097979317125,8.530707665340902,5.7404278369990278,5.0409832919654649,4.4047530757489577,4.8830438119759521,3.8028248615838338,6.9480832290506447,4.6479381754828335,13.755033138736158,20.155004053078141,13.765597547636249,4.0604935144701209
R10_C1.jpg; T=315,0,4.4636426591106151,8.6804952089432508,5.8527243840030074,5.1163621166370161,4.4703758550876938,4.9222777475275992,3.7544744305639015,6.6392201859957671,4.4880915280846372,15.41197353691822,21.646727528830816,11.574645757278747,2.9789890610187206
R10_C1.jpg; T=330,0,4.3921600395266918,8.5422552698345093,5.8226192067689944,5.1421828442501729,4.4838308991927667,4.9109539265863038,3.7725926327500199,6.7582685754066265,4.5096156983320874,13.169406954373937,21.317978472180378,13.477971140448005,3.7001643403495215
R10_C1.jpg; T=360,0,4.9709221918391577,9.4922389387084998,6.2960515556255805,5.3721371472564829,4.5178556233567377,4.7400126720224165,3.4786574664029861,5.9876823542347299,4.2200128051237193,20.207306900233352,20.694090804471642,8.7935205274774688,1.22951101324722
R10_C1.jpg; T=45,0,4.5908260850397724,8.8445634969940059,5.8979121622232178,5.1600286938145992,4.4625739372624524,4.8801719777927151,3.7167790710139017,6.5035350927796154,4.3809586582263336,15.056065473905811,20.594943134149585,13.050901077011535,2.8607411397864548
R10_C1.jpg; T=60,0,4.4456368477973749,8.6943853975907963,5.7488119377486786,5.0124177655642663,4.3537272166395038,4.8166506821040027,3.7659454762006521,6.8644048439233032,4.7214017033686684,13.244470329030886,20.57086406275792,13.720543091950855,4.0407406453231021
R10_C1.jpg; T=90,0,4.6153107852790605,9.261091129389408,6.1440998748486662,5.2341329868267801,4.4441315412022702,4.7445124672253343,3.5463203754268555,6.2762898285689772,4.7698585710972621,22.362950014399644,19.555334639232107,8.1894642812310821,0.85650350527254471
R10_C2.jpg; T=120,0,6.3711530892703685,6.1576174109588635,7.2475232096389171,3.1557628182386201,4.1767182928829145,4.7243871243028348,4.7076643449401487,6.4722962095042149,5.2783222356947626,12.190555753305944,21.334967090295645,14.057168039715387,4.1258643812513682
R10_C2.jpg; T=135,0,6.5462009544836084,6.2381097119212532,7.3780931219709371,3.2226869423727691,4.2418886028934581,4.7291541034082263,4.6059603652537193,6.1719582786856115,5.2170410216667786,13.679909830037762,20.180711236390287,14.160721906226026,3.6275639246895626
R10_C2.jpg; T=150,0,6.4760244394241235,6.086916678594406,7.2339041811402227,3.2027621578962613,4.232260411508622,4.7128851207224347,4.6488162996787121,6.3856875068670789,5.1319871879474563,12.088929269354225,19.868387151400626,15.628311829070446,4.3031277663953915
R10_C2.jpg; T=180,0,7.1326583914338295,6.6150819017436477,7.7973119070566463,3.3979511664282875,4.4086986760578322,4.7712823465710406,4.4787574071813703,5.772768083908848,4.9813706183831599,18.178488700784506,20.603891654077358,10.734612866714023,1.1271262796594284
R10_C2.jpg; T=210,0,6.5116157347621222,6.065312421426686,7.1694131410894135,3.1944981821359755,4.2205337095444113,4.7300982930414719,4.6927929447385921,6.4286560008986111,5.2785628832333931,12.396146989920668,19.643251853075689,15.609762316553207,4.0593555295797481
R10_C2.jpg; T=225,0,6.6313984006372504,6.2485851494924072,7.3527121486557379,3.2103221947704865,4.2129578618703372,4.664603343826963,4.5700493927122716,6.3451729843243925,5.2638583168063322,12.327036071970555,21.069661972855698,14.210283770107493,3.8933583919700654
R10_C2.jpg; T=240,0,6.3769791731213621,6.104807091711459,7.1981552068193873,3.1513694649978023,4.1540918873325055,4.6687563927486782,4.6259437276118334,6.4946079746932615,5.3900229718608905,12.696815406960676,21.631297140240427,13.751654059348668,3.755499502553048
R10_C2.jpg; T=270,0,6.6405446808771273,6.5688974420551434,7.7290010826592228,3.310926674122451,4.2605952575105777,4.6369038959297333,4.4604932230484211,6.0830800229288897,5.4746221834876474,21.067995992232952,20.041563646991282,8.9442802541034716,0.78109564405309218
R10_C2.jpg; T=30,0,6.5120902359373423,6.0493509476593257,7.164729212051518,3.1995715265720182,4.2259028998891255,4.7262616091533385,4.6788675032568303,6.4275054010887898,5.2879556400707139,12.425760908280699,19.593835665802359,15.623940263338465,4.084228186899475
R10_C2.jpg; T=300,0,6.371660408968931,6.1578109838266348,7.2476191840719961,3.155782334636581,4.176710098379302,4.7243264029863168,4.707564362322648,6.4720635324174678,5.2780551038042267,12.190794609291956,21.335148759809037,14.056919695996358,4.1255445234885375
R10_C2.jpg; T=315,0,6.5475576386578176,6.2386886648811055,7.3784047418377767,3.2227280720175089,4.2418466443358396,4.728973688695099,4.6056472660595889,6.1712148297251463,5.2163014651671507,13.680525848598744,20.180840901986478,14.160000383415106,3.6272698546226319
R10_C2.jpg; T=330,0,6.4975980965455662,6.086922972188388,7.2310509259744071,3.2061753823918262,4.237330958213299,4.7091802090178536,4.643861933858795,6.3858543719409404,5.1115523606265434,12.168088152037877,19.820546015685164,15.609538348059427,4.2923002734599205
R10_C2.jpg; T=360,0,7.1411604663667321,6.6195063455739263,7.8036066499215506,3.4019053631954645,4.41071200290836,4.7706328187246587,4.4761342565044062,5.768399516337019,4.9678692181917468,18.167918132941168,20.706602880627234,10.650428020233653,1.1151243284740711
R10_C2.jpg; T=45,0,6.6318184403294049,6.2487419242830429,7.3527736578201175,3.2103245938223086,4.2129415819369225,4.6645386368834494,4.5699529934421932,6.3449733378917417,5.2636595798346706,12.327088022225436,21.069378357177371,14.210456755633938,3.8933521187194038
R10_C2.jpg; T=60,0,6.3770934261226282,6.1048311704495752,7.1981740122389422,3.1513572299767154,4.1540848954738534,4.6687583571057738,4.62593758106678,6.4945498311463128,5.3900070479432465,12.696417368724125,21.630933265588165,13.752337296991946,3.7555185171719376
R10_C2.jpg; T=90,0,6.6453324634459259,6.5739324267187715,7.7321802544330165,3.3113229588226765,4.259494538938065,4.6341474619466814,4.4573564166084418,6.0780819597802775,5.4737708403623371,21.171520571033987,20.074691340363948,8.8162029978856715,0.77196576966019559
R10_D1.jpg; T=120,0,6.460080098426392,7.9999865247548376,6.8831071042649139,4.4406592244734835,3.8468841755935657,5.2393620750118792,3.219596877310408,6.1413934433793109,4.3528995334032929,12.099580493860188,20.164677818495651,15.208408430178199,3.9433642008478826
R10_D1.jpg; T=135,0,6.6889629666171944,8.2134613470978781,7.0958095594788944,4.5347089153600741,3.8716337491329087,5.1864368577934385,3.116951205075202,5.8637810817650102,4.2642340252782907,14.2275819426025,20.465788362150551,13.323581860044751,3.1470681276033003
R10_D1.jpg; T=150,0,6.4777318118898073,7.9969871927649576,7.075729417122945,4.5678428331843017,3.920768163042522,5.2869067999376789,3.1938102116973366,5.9902179594752809,4.0485683329649431,12.363676534774786,20.252627482886052,14.071886772426826,4.7532464878325555
R10_D1.jpg; T=180,0,7.171509838935167,8.8167342510471762,7.6071914748817724,4.7899104335048213,3.9868391100446923,5.1440106720390073,2.9237994568499142,5.1908143786862402,3.8124854523421079,17.703703200547295,20.605782478449523,10.87313086608359,1.3740883865886926
R10_D1.jpg; T=210,0,6.4019863408027042,7.8979734139987308,6.9663790441239879,4.534991566458344,3.9040404794283443,5.2835345934148705,3.2427004633005669,6.0991693216797103,4.1765547400730494,12.194405554904861,20.36503145488587,14.594042330968025,4.3391906959609354
R10_D1.jpg; T=225,0,6.6733273341941084,8.2412000382754922,7.1429390031932094,4.6184008988248353,3.9493397084303861,5.3205866532209667,3.1870285205018023,5.7096902090047044,4.0350426807264874,12.414643373358466,21.018874267605376,13.998000189486772,3.6909271231773939
R10_D1.jpg; T=240,0,6.6266784330788742,8.2079301643087543,7.0252646346125616,4.515678450089835,3.8775441652701317,5.2209334819950968,3.1497607537686538,5.9576600652192466,4.1204276939715578,12.706331523048767,20.352495859143851,14.825943089616093,3.4133516858765747
R10_D1.jpg; T=270,0,7.0105127040192006,8.790571137180466,7.4414301775045422,4.5751754167210708,3.8074144533546157,4.9519657104863422,2.8880609247793982,5.4920289652096272,4.3320120630298113,19.997843661614546,19.447198794751358,10.359744088752684,0.90604190259634187
R10_D1.jpg; T=30,0,6.4081622310385331,7.903026999342794,6.9503524859336263,4.5258155736717853,3.8961649336922601,5.2801546742690855,3.2422952684321951,6.1156225502400403,4.1800153843909653,12.121562317112877,20.28891868660045,14.680207643669283,4.4077012516061016
R10_D1.jpg; T=300,0,6.4599345378278414,7.9998848314690427,6.8830510410699057,4.4406322172607799,3.8468821029668234,5.2393928897670374,3.2196334011331622,6.1415222585749296,4.3530218197409685,12.099272380547077,20.164325643036587,15.209049240476135,3.9433976361296996
R10_D1.jpg; T=315,0,6.6884506476629673,8.2131906341837695,7.0957021886463494,4.5347007061979161,3.8716661426803558,5.1865420448226853,3.1170728025916228,5.8641360428995339,4.264485460457152,14.226943719474239,20.465318274509876,13.32471040279829,3.1470809330752538
R10_D1.jpg; T=330,0,6.496037734369879,8.0007591037505943,7.031671820613516,4.5457366482576909,3.9105038964508614,5.2786319288225183,3.1936812168971942,6.0096125500526938,4.0827860906507096,12.400842004572446,20.308374133376546,14.035515342919178,4.7058475292661708
R10_D1.jpg; T=360,0,7.1698608511417339,8.8169834127487512,7.6101643656076119,4.7914306428561533,3.9869882613075176,5.1432277533911313,2.9223244083657951,5.1907837191141564,3.8114574956167067,17.881082632204247,20.570604511068719,10.739471547545763,1.365620399031704
R10_D1.jpg; T=45,0,6.6718748188195578,8.2404565421767177,7.1426418944015833,4.6183530425531725,3.9494082172008103,5.3208775030283846,3.1873283952090437,5.7105273573077913,4.0356854695722113,12.414713509059263,21.020131019483163,13.996196745716135,3.6918054854721638
R10_D1.jpg; T=60,0,6.6262212632980031,8.2077362735888304,7.0251859062747517,4.5156679436881904,3.8775543934395649,5.2209812054934748,3.1498094002689969,5.9578249535674344,4.1205817802088864,12.707176301878656,20.353566947550313,14.823447781712559,3.4142458490303431
R10_D1.jpg; T=90,0,7.0072336046307981,8.7865995118869069,7.4391570201260455,4.5739444982155444,3.806251126060463,4.9516323885810518,2.8894108673224377,5.4960058193121144,4.3383274727788113,20.034678579865574,19.459391232009608,10.305183941796516,0.91218393741414117
R10_D2.jpg; T=120,0,8.0282991068880314,5.4624303158933625,7.7459660834697486,3.9701421508914656,4.6084683954545191,4.7513591646993278,3.6712256064206432,6.1220780609502876,4.2859210770547271,12.554186058688648,19.646439216396647,15.182706747497921,3.9707780156946586
R10_D2.jpg; T=135,0,8.0646163070709758,5.4783631822279908,7.9264664051818166,4.0893364075451659,4.720233417278731,4.7807644934023186,3.6155794906873382,5.9116100338282003,4.1549135283087661,13.164936485773866,20.078261301093921,14.76205686208864,3.2528620855122634
R10_D2.jpg; T=150,0,7.8569122858913056,5.3842420651113292,7.8274629099847672,4.0546286924803834,4.6904423894818201,4.7807624242480102,3.6513017993519767,6.1386572620024422,4.2345523672504415,11.173232607084662,20.346105249445408,15.266932479235475,4.5947674684319786
R10_D2.jpg; T=180,0,8.7258535743978154,5.9045549351961073,8.4518571219722816,4.2569433253411182,4.7190542666314084,4.5669743213293561,3.3182861792827718,5.3789227935293091,3.9664284518021566,16.29760971173318,20.431853630477413,12.050173428685667,1.9314882596214096
R10_D2.jpg; T=210,0,7.9484367074457625,5.3768800182166432,7.8093669368490657,4.0760335039034326,4.7081029220318369,4.767184363606126,3.645726120676688,6.12215314672601,4.2169914771595671,11.378040344323738,21.255994403422125,14.280761753967399,4.4143283016716204
R10_D2.jpg; T=225,0,8.2515929394279475,5.5399865110250852,8.0175249860977882,4.1177645353486021,4.6644843002125986,4.6932797058637616,3.5722217023204612,5.8928294731905462,4.1933334081265166,12.163431025083261,20.84431820147428,14.79073605074028,3.2584971610888722
R10_D2.jpg; T=240,0,8.1141651939248316,5.4596666449927689,7.8599103979475036,4.0330959829507069,4.5986202765841178,4.6822870027616439,3.617263442617777,6.125462275870321,4.2477001002985588,11.227395655669413,22.185741782196946,14.608023506942295,3.2406677372431405
R10_D2.jpg; T=270,0,8.8624714050424434,5.971922412147328,8.2593590303979152,4.0301157170452013,4.4830107536571191,4.4001136562915191,3.2797706186630746,5.5154139215110218,4.3420459393336364,19.803036127516059,20.372632379724198,9.5237216510876834,1.1563863875828129
R10_D2.jpg; T=30,0,7.951592461956313,5.3785764326562822,7.792935784932344,4.0684405816770912,4.7090311188439147,4.7732924494986655,3.6471997574123369,6.1282612927530051,4.2244612903549044,11.443311582214072,21.175837407511526,14.293410374572625,4.4136494656169267
R10_D2.jpg; T=300,0,8.0281071235184438,5.4623713016781617,7.7459140879818573,3.9701371655010185,4.60847235714487,4.7513720046201398,3.6712519837292321,6.1222106795011344,4.2860219998864437,12.554145020255046,19.646374107457941,15.182827336898979,3.970794831826737
R10_D2.jpg; T=315,0,8.0640984343158113,5.4782090691785132,7.9263606171213468,4.0893307096500289,4.7202674144255594,4.7808527135635845,3.6157012517332241,5.9119203161592768,4.1551593340633985,13.164317428192945,20.077701369022378,14.76327356285743,3.2528077797165178
R10_D2.jpg; T=330,0,7.8615280316286373,5.3711980765009866,7.8172800298433671,4.0448280113089892,4.6645077728877631,4.7556468362688138,3.6487074680700409,6.1781032352295435,4.2579452563736711,11.207319185663051,20.246054754238124,15.316991366415758,4.6298899755712597
R10_D2.jpg; T=360,0,8.7252187584349432,5.9013550795214869,8.4503255342849286,4.2613284491315149,4.7219509760491229,4.5680849821345486,3.3192766175404911,5.3851287023682257,3.967596213845936,16.2880465501222,20.485732105363887,12.003590429416995,1.9223656017857311
R10_D2.jpg; T=45,0,8.2512793963407898,5.5399236549494812,8.0175097667757864,4.1177759419467739,4.6645222172376837,4.693338640748129,3.5722843687374466,5.8929976798552444,4.1934208429667015,12.163289466271539,20.844007375501388,14.791326103546526,3.2583245451225089
R10_D2.jpg; T=60,0,8.1141605389276918,5.4596841324869114,7.8599051195094374,4.0331229998737523,4.5986121885062969,4.6821960308423751,3.6171832855675374,6.1254766418726279,4.2477997016270743,11.227388141693581,22.185723559921321,14.608040345613587,3.2407073135578202
R10_D2.jpg; T=90,0,8.8572144005163924,5.9692877720503628,8.2599886378234775,4.0290947981897851,4.483646517120075,4.4023084545214548,3.2816905589033478,5.5151969517694415,4.3456989722804034,19.760922010349962,20.425495635761507,9.5237095422846636,1.1457457484291012
R10_D3.jpg; T=120,0,6.4745632759794738,7.7608996664978074,6.6183917140600927,4.2508592385081396,4.9177366737143204,4.0367027211564315,3.8830569312611121,6.0774849761316609,4.4810680074529472,12.868113457370374,19.992442368481868,14.864930015660141,3.7737509537256368
R10_D3.jpg; T=135,0,6.6872807279442226,8.060062700530926,6.8914371585201213,4.3875764941416904,4.9886285752813855,4.0171167460180284,3.7943075592497664,5.787657505235809,4.1710276706182885,13.576880480396561,21.076798508423987,13.158298720923725,3.4029271527154887
R10_D3.jpg; T=150,0,6.3726767523272905,7.7242246380327106,6.7578186719232978,4.4028616682326671,5.0744755865476989,4.1383009311398569,3.9322319658778615,5.9036739720594298,4.1081254571933838,10.986238034802806,20.224476495569608,14.776008112862739,5.5988877134306323
R10_D3.jpg; T=180,0,7.1595892925002405,8.5405338997259737,7.3160216099347055,4.5673901663852332,5.0503271256259268,3.9462250803216703,3.5643764242360265,5.2178237203477176,4.007126914258099,15.865785169568353,19.431187477582146,13.7585793747045,1.5750337448094176
R10_D3.jpg; T=210,0,6.5750345557789727,7.7308883507224788,6.7021995456858692,4.3855922132598018,5.0368802895514255,4.0665430761093297,3.8830046249092249,6.0031598511988626,4.2351248268124273,9.9206946683943578,22.970537899844409,14.95899623745734,3.5313438602755083
R10_D3.jpg; T=225,0,6.7666081862199823,8.0140920330199421,6.9301611133387615,4.4492917943102315,5.0529988407865476,4.067338769357189,3.8163159564877009,5.7255665387292387,4.0894572287645534,11.23913473218782,21.811191980628337,13.986668709973333,4.0511741161963535
