Image name,0,0.063,0.125,0.17999999999999999,0.25,0.29999999999999999,0.35499999999999998,0.42499999999999999,0.5,0.70999999999999996,1,2,4,8
R8_A1.jpg; T=120,0,6.1623280958183244,6.0942590261861085,6.9471992989177371,4.9381750267234947,4.4007064946228533,4.6469563825224558,3.6800951934059598,6.8723552269702699,4.7880232365466622,13.025514708241547,21.651151012893628,13.345777806966641,3.4474584901843057
R8_A1.jpg; T=135,0,6.3456101573719144,6.2205468161026527,7.0888888614518182,5.0412351137376596,4.4695381096546436,4.6594242544042448,3.6180445793936,6.5135838522419771,4.7264383065884648,13.35079418200932,21.532760179695625,13.542656552681606,2.8904790346664786
R8_A1.jpg; T=150,0,6.2302533808087244,6.1471924169133469,7.0058394012865488,5.0032576974879719,4.4801560371725415,4.7262568041599211,3.7103426000568014,6.6657853257212425,4.71307188556331,13.441410233997347,19.300170836054988,14.746403250784345,3.8298601299929058
R8_A1.jpg; T=180,0,6.754830790243334,6.6636134387628649,7.529774605867666,5.264045046326701,4.532927816407275,4.5905182514855865,3.4794010548627514,6.0055976540734894,4.3873063632531615,17.328255697430212,19.892470608479066,12.103337880966576,1.4679207918413282
R8_A1.jpg; T=210,0,5.8354798631498221,5.8809737526972414,7.0360819651865638,5.1957794947224034,4.6546470923269156,4.9116407305077221,3.8554736044244171,6.8251705871517494,4.4767029944638939,12.693108211340412,20.835417364169601,13.927754157464273,3.8717701823950033
R8_A1.jpg; T=225,0,6.0568996317530726,6.0875079047967526,7.155985047606821,5.1523702425412115,4.598594285990468,4.8028201293933765,3.7437208781386655,6.5842379143852767,4.5006713827088474,14.495838199997607,21.129792231500328,13.38242086598636,2.3091412852012065
R8_A1.jpg; T=240,0,6.0044133581793471,5.9493248543974815,6.9115428622539126,5.0107985362136587,4.4716756359911951,4.7244688157284696,3.7531187722567134,6.897981091211733,4.9108848143360344,12.221823141677707,20.456470153310995,15.241630336582176,3.4458676278605758
R8_A1.jpg; T=270,0,6.5333193163733636,6.517088466085057,7.377358688858024,5.1019193565105976,4.4077468445082149,4.5106636647015295,3.4475891557161842,6.2896532038096753,4.8889877605746204,22.464420065630041,19.688264785629045,7.8524910835636756,0.92049760803996961
R8_A1.jpg; T=30,0,5.9152763312697862,5.911136239447397,7.0155558187099913,5.1539841416003016,4.6048179331001018,4.8521460009852424,3.8154810311219278,6.8138727205052634,4.5388532267288495,12.790924323183253,20.627970326013426,14.056287213293539,3.9036946940409538
R8_A1.jpg; T=300,0,6.1622778137787249,6.0942278174757964,6.9471872786172808,4.9381665778583237,4.400697818931639,4.6469532896795283,3.6800985716706784,6.8723992848297684,4.7880690768821594,13.025442878898186,21.651181598828522,13.345746960529713,3.4475510320196854
R8_A1.jpg; T=315,0,6.3456168419724142,6.2205429280333897,7.0888776832771274,5.0412364243108918,4.4695381779707484,4.6594216963139052,3.6180449212589751,6.5136101547452423,4.7263782568817314,13.350508831006708,21.532458099423078,13.543189982617301,2.8905760021885034
R8_A1.jpg; T=330,0,6.2276766235173175,6.1512328594184087,7.0215814978170501,5.0045383184428767,4.4747799062410403,4.726664929247967,3.7116735999492216,6.665145090423148,4.7044721735394255,13.385081893835038,19.298781466632359,14.759606359269814,3.8687652816663336
R8_A1.jpg; T=360,0,6.7516194547823511,6.6592061496543575,7.5270504768405875,5.262344518276719,4.5302196270857094,4.5887126516428536,3.4800683168703226,6.008884199453564,4.3930135174297433,17.283109761607488,19.872241574273001,12.170708921886005,1.4728208301973016
R8_A1.jpg; T=45,0,6.0564643446336284,6.0873493245261203,7.1559072738443241,5.1523560885121986,4.5986090875613517,4.8028782811583062,3.7438068164738887,6.5844929541209183,4.5008704721402903,14.495960101853195,21.130101287342988,13.382073305067346,2.3091306627654471
R8_A1.jpg; T=60,0,6.0043127386714126,5.949297807100316,6.9115462008464714,5.0108036634057589,4.4716815578551259,4.7244951783420204,3.7531630835706902,6.8980543268931829,4.9109149673061205,12.221784134001807,20.456573563885886,15.241586026403613,3.4457867517176051
R8_A1.jpg; T=90,0,6.5262733668878319,6.5114569613915325,7.3733512108482504,5.0988331598211367,4.4073245152289093,4.5107428316947935,3.4475477618262165,6.2925818316363777,4.8929015092109163,22.571480718378659,19.555572072057011,7.8728401550840896,0.93909390593427278
R8_A2.jpg; T=120,0,6.9690824190619125,6.6429323589260099,7.2871014843740571,3.7572890704256281,4.4192841670702521,4.6523038958391307,3.6837046477131401,6.4401518576282095,4.8546320635797855,13.685305150273207,20.706908743575056,12.886269024279807,4.0150351172538032
R8_A2.jpg; T=135,0,7.3897425511657167,6.9208863326146659,7.5044557364523712,3.8731804422006397,4.475126446763861,4.6023210622674542,3.581333897510393,6.1837231702385163,4.5772887119159034,13.611332330260606,20.259964408533968,14.319196224540025,2.7014486855358792
R8_A2.jpg; T=150,0,7.2818408796770893,6.836103799630135,7.4769910951656176,3.8873938402174102,4.517849752303051,4.6793672372618085,3.6400625865205134,6.1157903605260149,4.4967448256326223,12.693082739266195,20.77785669362909,14.225757472379827,3.3711587177906162
R8_A2.jpg; T=180,0,7.8198915368460975,7.2445061952229821,7.9405343486615561,4.0450121992468011,4.553719577976981,4.5320561245189497,3.4035971553705817,5.6070403888434495,4.3440030053392675,18.596291475220767,20.488400679174248,10.336129413844336,1.0888178997339821
R8_A2.jpg; T=210,0,7.0228549387319923,6.581522055551277,7.3008601252523064,3.8708396228712054,4.5604135991057735,4.72797703825717,3.6946476516447442,6.3426314456951527,4.6193236053517523,12.791598419862252,19.18768988229839,14.955725017305813,4.3439165980721715
R8_A2.jpg; T=225,0,7.1915683196225677,6.6957402994766486,7.4636752588717972,3.8987787706292116,4.5249103012044731,4.6805807766329108,3.6548719155358036,6.2058669284071204,4.6670223069043031,13.476802441378831,20.504216800326862,14.134163110705259,2.9018027703041982
R8_A2.jpg; T=240,0,6.9943535694978003,6.5913236760833724,7.3279187385356126,3.8670103514142089,4.5245833465288516,4.705462951424189,3.6902895802918736,6.312382668688822,4.6947006076627718,12.977493757478307,20.401627700118901,14.669651368355249,3.2432016839200264
R8_A2.jpg; T=270,0,7.5174607085371354,7.320139976280335,7.9640553474229243,4.0122416030568422,4.4908475823841503,4.4424784230317984,3.3448951650667835,5.7324395047395864,4.6739814128864028,21.898287168779621,19.496563782285033,8.1533145522443888,0.95329477328500001
R8_A2.jpg; T=30,0,7.0019311321256135,6.5633124550597284,7.2871038946122226,3.8699109236986047,4.5644935381034157,4.7317804380710049,3.6960089284320801,6.3578344867709466,4.6248383788329681,12.909868739452234,19.220430374432649,14.840743656843975,4.3317430535645549
R8_A2.jpg; T=300,0,6.9689825754355477,6.6429171292164231,7.2870968747234777,3.7572924615462879,4.4193244314916749,4.6523630985313567,3.6837304148666297,6.4401580769010822,4.8546407972318324,13.685329349065473,20.70683495139421,12.886343136834506,4.0149867027614965
R8_A2.jpg; T=315,0,7.3895579936225424,6.9208260700366786,7.5044347214627019,3.8731848323938083,4.4751416346202824,4.6023637128730401,3.5813844979556828,6.183830959661293,4.5774044566909637,13.611063982498262,20.259625779167266,14.31981968770509,2.7013616713124118
R8_A2.jpg; T=330,0,7.2795387485870613,6.8198283926874437,7.4556785264459249,3.8799753834859847,4.5207867018521846,4.6864416013832466,3.6410682216200656,6.1261006586630371,4.5187802851358025,12.748508347370258,20.727857890512922,14.207038074225428,3.3883971680306364
R8_A2.jpg; T=360,0,7.8184141504452418,7.2445331743282351,7.9403351545674123,4.0460645029387274,4.5553185659558961,4.535470960357789,3.4082249157928253,5.6081754942740085,4.3401406359400996,18.524124034010519,20.85995597088418,10.062668613815443,1.056573826689625
R8_A2.jpg; T=45,0,7.1915390538810744,6.6957260938075924,7.4636759708395717,3.8987902354163553,4.5248995361203646,4.6805765179665002,3.6548841314384948,6.2058664400847841,4.666991582843619,13.476740715143142,20.504281396004874,14.133991086789177,2.9020372396644496
R8_A2.jpg; T=60,0,6.9943538266033531,6.5913281194272324,7.3279215537112581,3.867012230689383,4.5245848012680003,4.7054751989742813,3.690311335991515,6.3123588632890524,4.6946544706523614,12.977413178934572,20.401456868518213,14.669845612439675,3.2432839395011044
R8_A2.jpg; T=90,0,7.5127612055595998,7.3147374170574331,7.9605979677147127,4.0114418628425037,4.4914880445523213,4.441590134034298,3.3428850360097138,5.7367096721459019,4.6822209761810818,21.765288391327246,19.5098832602594,8.2759793103939465,0.9544167219218288
R8_A3.jpg; T=120,0,6.5181022978318826,4.6953407913402936,6.9894869762332972,3.740559166979752,4.5194694420909576,3.9312244047486491,4.0654961078390137,7.6948343677627955,5.8960839186429643,12.478153526584167,21.46790203919111,13.614833696230974,4.3885132645241365
R8_A3.jpg; T=135,0,6.9255270888524398,4.8680666333861113,7.2119881909477863,3.8293202259643775,4.5844382321152999,3.9502641966303336,4.0520641851920178,7.357886306738747,5.582120500831615,12.954874955644614,19.979838284393413,15.126765918989436,3.5768452803138167
R8_A3.jpg; T=150,0,6.7841030696030415,4.736986455338374,7.0923230311051162,3.8486765062612718,4.6142245280192684,3.9386426210131376,4.0454255246987714,7.6052237761634567,5.6026137097037552,10.613995338846646,20.589029849539173,16.533460329811035,3.9952952598969649
R8_A3.jpg; T=180,0,7.2197982916837535,5.0750360097531306,7.6860283454978653,4.1073944044204449,4.8473467249481645,4.0300539540906737,3.944308091414789,6.8957813491856967,5.3413424448588529,16.968463274692258,21.010921901544027,11.603576145551319,1.2699490623590106
R8_A3.jpg; T=210,0,6.0175163425330185,4.4644623465121676,7.0471042493615581,3.9621560976712322,4.8715147851576726,4.2487971625397272,4.3834689075885089,7.9021975331299377,5.4083631513858137,11.1104481457308,20.070028007843693,15.980699205976178,4.5332440645697085
R8_A3.jpg; T=225,0,5.9307884378207589,4.5091578361106404,7.2089752460497634,4.0766557769689502,5.0511975853888629,4.4299543692873087,4.4887599361055122,7.6549853550245714,5.2149475216466561,13.019015249082349,20.189738399226698,14.697349136696735,3.5284751505911944
R8_A3.jpg; T=240,0,5.6002365097867122,4.3337489078562701,7.0112187756655313,4.0026035269931413,4.9697757152394013,4.384285511867712,4.529230082358108,8.0385784367493578,5.4289022074132882,12.027864464220144,22.065044482895694,14.325740898947856,3.2827704800067927
R8_A3.jpg; T=270,0,6.734768815776385,5.0451780093563867,7.6686093896970497,4.042016773767533,4.7292306807848163,3.9417089953148312,3.9003075692082376,7.0871070635291504,5.8158615652478627,20.549296524301891,20.061892353370052,9.3331063111368806,1.0909159485089146
R8_A3.jpg; T=30,0,6.0144772710370979,4.4687073434263214,7.0641704655501725,3.9765958457249169,4.8923056233019926,4.2638660652538185,4.3926035587722474,7.8771595910980903,5.3597932162189137,11.116575074407836,20.039107521183752,15.998491048333738,4.5361473756911135
R8_A3.jpg; T=300,0,6.5182979405621255,4.6954010989008257,6.9895302680955034,3.7405763468965159,4.5194840536133567,3.931191124765181,4.0654492501275064,7.6947773529912737,5.8959319453106476,12.478399898307087,21.468164958994031,13.614378082276756,4.38841767915918
R8_A3.jpg; T=315,0,6.9261178888085855,4.8682308475532778,7.2120895876786957,3.8293359849260611,4.5844177128820505,3.9501967639416735,4.0519126800336025,7.3575790334006683,5.5817937536816604,12.955643815655119,19.980544745890647,15.125322581849449,3.5768146036985069
R8_A3.jpg; T=330,0,6.7910275782180927,4.7488277499790446,7.1033451821572324,3.8570732064900763,4.6284765694204175,3.9449308232032316,4.0400689453021137,7.5632172295024915,5.576297082457697,10.683105082262724,20.546604879047521,16.499861210625706,4.0171644613336657
R8_A3.jpg; T=360,0,7.2209407139799646,5.0743431476322725,7.6830116249265705,4.1067423825180516,4.8475129165301798,4.0320973296881339,3.9463316468104623,6.8930971589670458,5.3407889023793782,16.968857058518839,20.937098883718726,11.680640398608146,1.2685378357222452
R8_A3.jpg; T=45,0,5.9315749883246243,4.5093767917766217,7.2091321227945935,4.0766875530148479,5.0511763507124821,4.4298727169530245,4.4886057215248396,7.6545365763959792,5.2145413755439929,13.019335184066401,20.18976998028889,14.697118148953528,3.5282724896501776
R8_A3.jpg; T=60,0,5.600420338672575,4.33379646795236,7.0112420024331952,4.002609478957166,4.9697830780146468,4.3842649349605463,4.5291778390506447,8.0384711099158892,5.4288824894048204,12.027872017688599,22.06500568092083,14.325739035926945,3.2827355261017948
R8_A3.jpg; T=90,0,6.7395430627779831,5.0449160821340735,7.6634310936337551,4.0382396966149088,4.7251709954660388,3.939350230388496,3.8992814259685815,7.0857174289468565,5.8248776469206929,20.62035606917469,20.049191949593887,9.2771046014137273,1.0928197169663154
R8_B1.jpg; T=120,0,5.1789491234830365,7.214990607460285,6.7760191922741546,6.053799760547113,3.9822731472874762,4.3649132627866818,4.2033442739764428,6.7858429441792394,4.1280824712098898,12.293144788421126,19.468386972616248,15.315352210862077,4.23490124489624
R8_B1.jpg; T=135,0,5.1848087183226141,7.332196644775542,6.8733397670741052,6.1262315065502202,4.0340476242151766,4.3999589624361235,4.1529581963757201,6.6005714593725324,4.063234560947306,11.774329478961871,19.531146485811128,15.890666181877688,4.0365104132799745
R8_B1.jpg; T=150,0,5.0017553094974634,7.1756703274127283,6.7543299451629029,6.1322801054957079,4.0720716571306914,4.4771902985012773,4.2833354689855998,6.7598896466767728,3.9828809321074994,12.06985731796857,18.1245583857756,15.955970902712371,5.2102097025728247
R8_B1.jpg; T=180,0,5.4049505839733172,7.8636541955134422,7.5654304957144962,6.7283902322170075,4.2785253834110462,4.4403134754959268,3.9465490118565976,5.7206938823073559,3.4940994907032592,15.824705266192268,20.085315943491867,13.07984248613789,1.56752955298553
R8_B1.jpg; T=210,0,4.6553948284376094,6.7715713602095802,6.8197420165335751,6.3980160748724906,4.3022428723288124,4.7782326000697841,4.5257366927759861,6.7922109687326815,3.6675386387060915,11.562636042302653,18.73811565223755,15.814660550211299,5.1739017025818974
R8_B1.jpg; T=225,0,4.7997188629862615,6.9181885894360207,6.8781447099219362,6.39094789133277,4.2842432542036377,4.696364343879698,4.3964626904042392,6.6550499129806608,3.7525398896444138,12.077404514206343,19.735794115590114,15.053896204940258,4.3612450204736506
R8_B1.jpg; T=240,0,4.8702447183291655,6.8480432547051411,6.7192591261593284,6.2346227038881201,4.1741093967485359,4.6087379339152221,4.382065092602029,6.8194983799068005,3.9943573262152308,11.417643994183537,18.941660031780579,16.015916481568098,4.9738415599982284
R8_B1.jpg; T=270,0,5.6681631009011006,7.8852103535803675,7.3778099413682323,6.4855781143891411,4.1344291008929348,4.317135790075306,3.8765563842264052,5.8028302056651242,3.7561486548502208,18.342169811050109,20.437251855977433,10.603942589073576,1.3127740979500382
R8_B1.jpg; T=30,0,4.5808450861252128,6.699969382397934,6.808730491728272,6.4302313621722229,4.3403627822496738,4.8332278865514038,4.5810261966844088,6.8169068563670043,3.6269737164110256,11.540965522190724,18.798985618679591,15.752543903865165,5.1892311945773546
R8_B1.jpg; T=300,0,5.1791157412426125,7.2150706099930142,6.7760517175002342,6.0538093142669824,3.9822700071750332,4.3648979711144325,4.2033218666413736,6.785671953356422,4.1280245347875253,12.293058153689735,19.468597791854322,15.315342544927288,4.2347677934510433
R8_B1.jpg; T=315,0,5.1856560446777218,7.3325919282698448,6.8734861147387587,6.1262634493685812,4.0340118549499362,4.3998331829620474,4.1527210464109716,6.5999550008561227,4.0628375909130705,11.77491014228535,19.531181931004074,15.89027527634595,4.036276437217583
R8_B1.jpg; T=330,0,4.9966135394751703,7.1491758033104826,6.7486961975783553,6.1359256948311307,4.0787313723492407,4.4827824210883067,4.2851130598456484,6.7744116597359989,3.9787667068415624,12.067615914135489,18.13632133043464,15.951045569954395,5.214800730419582
R8_B1.jpg; T=360,0,5.4115508027401784,7.8709286751482681,7.5666195086445498,6.7271990058843061,4.2787098788157181,4.4391083981988917,3.9428415996666923,5.7172263720808578,3.4896964079231387,15.736458993245506,20.282019255621485,12.978184679443164,1.5594564225872556
R8_B1.jpg; T=45,0,4.799554446102424,6.9180914840008931,6.8780960676581504,6.3909285336835193,4.2842426088909455,4.6963885194467219,4.3965124700525875,6.6551612470536297,3.7526071911238037,12.077279209891682,19.735808160934397,15.053943815761276,4.361386245399963
R8_B1.jpg; T=60,0,4.870195049568701,6.8480222026955291,6.71925201686311,6.2346236120987015,4.1741170137683064,4.6087378900181086,4.3820600339852263,6.8195116680302563,3.9943324539561829,11.417177219897601,18.941153670635476,16.016012663119795,4.9748045053630063
R8_B1.jpg; T=90,0,5.6679941893103702,7.8851783631772587,7.3800873087241081,6.4871104765868006,4.1358967370748028,4.319823522564521,3.8805039313150074,5.8022625644366848,3.7481474367972165,18.284405819122142,20.555641274959925,10.538226059739772,1.3147223161914035
R8_B2.jpg; T=120,0,4.941787968045344,7.0957115261481567,6.7798885461134688,4.6310208840211935,5.5330120646533967,4.6322065079341277,4.4731743028057007,6.6457457167555223,4.2433130699435297,10.59206594053683,20.392764567448921,15.579630203773945,4.4596787018198665
R8_B2.jpg; T=135,0,5.1816268149528852,7.3583935422497806,6.9230304254273429,4.6232289098872199,5.3971943864044976,4.4462307556183776,4.2505093798218061,6.4568012051660277,4.4167431207333889,11.959679461461775,19.698546442032328,15.540517883354676,3.7474976728898848
R8_B2.jpg; T=150,0,4.8492285327726066,7.0768390196641375,6.8078491416584965,4.6184902395754435,5.4799933819847215,4.6078308223316684,4.4746325916809218,6.6294360838143573,4.1615474621937283,11.261204792789895,18.904906538686681,16.114555107379147,5.0134862854682005
R8_B2.jpg; T=180,0,5.1597911735934883,7.6674913704988024,7.4898278754384116,5.1107607016518113,5.8666850324891522,4.609062984095587,4.1449534697640598,5.6937907895814952,3.7197211133236783,18.025069524774977,19.600231457067785,11.451746127186828,1.4608683805339231
R8_B2.jpg; T=210,0,4.6372559650195404,6.7444222497881512,6.7891771845934059,4.796642464135072,5.7682169654837727,4.8306613390354691,4.6368399290836528,6.654529581467223,3.9656184571171211,10.657218496579944,19.949529127689427,15.287440502982006,5.2824477370252456
R8_B2.jpg; T=225,0,4.9987859450412149,7.1297803590049735,7.0072515984588524,4.854725925244737,5.7757036367709231,4.7603374362330237,4.4613542723301478,6.3623449002658798,3.9385852621811899,10.414175797605957,20.159005062278272,16.264793131898507,3.873156672686314
R8_B2.jpg; T=240,0,4.6402000361900724,6.7266880940143228,6.8463762745558476,4.8752130001346501,5.8861312827198553,4.9216585342855792,4.6935133057797644,6.6656578608153572,3.857161834190773,10.363575854687788,20.52175713182821,15.69817789678466,4.303888894013121
R8_B2.jpg; T=270,0,5.8027653355398989,8.0095825637691025,7.4550940761728386,4.8954348483854053,5.5544867776797711,4.3467646542723397,3.9130780434228121,5.6179942126688553,3.8584489921226011,19.234956360652173,19.75978812889371,10.064149062257462,1.4874569441630383
R8_B2.jpg; T=30,0,4.6627568903222105,6.7773444476855431,6.8057637257767807,4.7760817660713721,5.7364396805560771,4.8046521417508163,4.6153303248206932,6.6521353487335828,3.9825043056005378,10.617990400405988,19.912704264678194,15.396104392996234,5.2601923106019779
R8_B2.jpg; T=300,0,4.9418158674201758,7.0956918844705514,6.7798572351716473,4.6309998798640635,5.5329733040203131,4.6321701704036684,4.4731525126172897,6.6458016315363873,4.2433918017432282,10.592016462252001,20.392616041389299,15.579849973599876,4.4596632355115009
R8_B2.jpg; T=315,0,5.1818919145436482,7.3585177027286521,6.9230732235421826,4.6232333008154765,5.3971812141372846,4.4461948128102131,4.2504406175028215,6.4566354158997772,4.4166461920451168,11.959987007706642,19.698360465232238,15.540653142302531,3.7471849907334014
R8_B2.jpg; T=330,0,4.7873243570859572,7.0265617766057824,6.8005505211779491,4.6359328527778407,5.5114381926325144,4.6432047697449725,4.5158316340306914,6.67454646982823,4.1305549655981162,11.243192813046107,18.792797473044626,16.172424949721734,5.0656392247054738
R8_B2.jpg; T=360,0,5.1590877866509919,7.6671631213326021,7.4866928915278574,5.1084977409446237,5.8657289432486017,4.6095228927136915,4.1464530760678127,5.6963914266312026,3.720479965139039,18.050748335674641,19.503881094793762,11.540601112197313,1.4447516130778879
R8_B2.jpg; T=45,0,4.9986652390756463,7.1297190879152694,7.0072282457144066,4.8547206122267124,5.7757083767838386,4.7603519480376644,4.461376190942909,6.3624064529706494,3.9386335702438879,10.414186574709195,20.159313349053733,16.264821769829165,3.8728685824969196
R8_B2.jpg; T=60,0,4.640222090625258,6.7266810966879724,6.8463543524188957,4.8752003911895461,5.8861069569686473,4.9216310765031883,4.6934844916081087,6.6656011927665677,3.8571765120159482,10.363368522145503,20.521430455055686,15.698370045356073,4.3043728166585948
R8_B2.jpg; T=90,0,5.795290495495597,8.0047150040465684,7.4509396450747456,4.8931220204800487,5.5534002689114166,4.3469541483707284,3.9138584181305616,5.6230735153303444,3.862366481827928,19.190065096818444,19.781995150103011,10.100643936357113,1.4835758190534971
R8_B3.jpg; T=120,0,7.0037404221728385,6.6637587573604451,7.513150134664742,4.7306533684381114,5.3731142280242805,4.3171567874372148,3.2313893052553118,6.0425798072295205,3.8321468996419679,12.633060462636767,20.677039051943645,14.148787608279898,3.8334231669152712
R8_B3.jpg; T=135,0,7.3619376662524951,6.8818690854258291,7.5982814801099279,4.649837566190973,5.1992122384553427,4.1311732190404191,3.0745926054369788,5.8375939887543336,3.9297700542424909,12.894375593880847,20.046593886076185,14.921652556778078,3.4731100593561091
R8_B3.jpg; T=150,0,7.3006718282027139,6.6047844553940678,7.2458504027820796,4.5274016384870013,5.1570433059361616,4.1908674114240982,3.1655559949567569,6.0120460602752006,3.9910522541906239,11.904640242652855,20.344329269535791,14.766628739127748,4.7891283970349114
R8_B3.jpg; T=180,0,8.0089471960803262,7.213444759067638,7.9379874012027649,4.9067666196451514,5.3377885946910659,4.0387369466368312,2.829917943707962,5.1642820867611334,3.6967083400244056,16.333950090309557,20.24132564084972,12.670451073510403,1.6196933075130329
R8_B3.jpg; T=210,0,7.0661050135720531,6.4479315325673765,7.3864030336347009,4.7187626252782682,5.3859578738354816,4.3320608122057198,3.21573837180402,5.9484052571261978,3.8569380737220902,10.951699799040123,19.886795636764642,15.992209569847805,4.8109924006015135
R8_B3.jpg; T=225,0,6.9619458252763078,6.418920519813577,7.4928121327649819,4.7988580137475871,5.413480250713488,4.3383646802861335,3.2669380684473617,6.0762941031186735,3.9970856179333989,11.730070023951585,21.444719714351265,14.984210375169644,3.0763006744260046
R8_B3.jpg; T=240,0,6.6865632191753726,6.2106013550325274,7.3797469545255767,4.8282664157401154,5.5152474396395776,4.4269644638189121,3.3365417981027514,6.2162008473949015,3.95801439813973,11.151528884339829,20.192196840882541,15.83802878741897,4.2600985957891853
R8_B3.jpg; T=270,0,7.1572477247301824,6.880097314342942,7.9792181137855529,5.0092617038286624,5.5161558585647024,4.2461261166957485,3.0161979598850444,5.4657805067058325,3.8380561271709626,19.477944251827022,19.364173610971484,10.915579136491717,1.1341615750001488
R8_B3.jpg; T=30,0,7.0526630007966578,6.4599894039724255,7.3803873811457574,4.7097462346539016,5.3834844309945371,4.3451648823970244,3.2332997516783868,5.9400905768110324,3.837653026215198,10.980495308331014,19.864519854158047,15.991463189301038,4.8210429595449655
R8_B3.jpg; T=300,0,7.0038264272358122,6.6637934645587347,7.5131807912920729,4.7306617380237928,5.3731319377337519,4.317166012895064,3.2313846383455878,6.0425285722060265,3.8320750888157962,12.633089797501947,20.67703995806691,14.148780699739095,3.8333408735854215
R8_B3.jpg; T=315,0,7.3621381217795117,6.8819284982092537,7.5983030959394471,4.6498378785752168,5.1992004398082594,4.1311451314816425,3.074557566475697,5.8374557108562364,3.9296860061442489,12.894522765871267,20.046504857086934,14.921583807750521,3.4731361200217719
R8_B3.jpg; T=330,0,7.2961881095659997,6.6272146173917532,7.2710385399965771,4.5351857643617972,5.1569638238077005,4.1838882953805498,3.15514636552584,5.9881999914685897,3.9816807589716734,11.916582842222672,20.274501879513718,14.813474055116075,4.7999349566770562
R8_B3.jpg; T=360,0,8.0181578131452866,7.2156532027181992,7.9352056667677511,4.9016196525506208,5.3316241550581918,4.0371542266725209,2.8287371103509331,5.1675296425045847,3.6926375184464182,16.353123848885883,20.197903822930531,12.6955825645065,1.6250707754625751
R8_B3.jpg; T=45,0,6.9635412293285226,6.4195469378300007,7.493094231502746,4.7988739439562282,5.4133303954533005,4.3380750828475811,3.2665779466207767,6.0753599210295013,3.9963915672311967,11.731087649000525,21.44491081596864,14.983307156173375,3.0759031230576004
R8_B3.jpg; T=60,0,6.687062759338362,6.2107856574312592,7.3798527785414736,4.8282746612585754,5.5151964573136798,4.4269123078505972,3.3364936591761216,6.2159537985669777,3.9577444098548185,11.151648940842056,20.192192342361103,15.83772215670732,4.2601600707576699
R8_B3.jpg; T=90,0,7.1554829784985445,6.8781180290308317,7.975895907510294,5.0081684062650185,5.5149559911558441,4.2459601237033464,3.0161597728648286,5.4641344805100038,3.8420725648438254,19.498924075879408,19.469029701345089,10.826566256519252,1.104531711873723
R8_C1.jpg; T=120,0,6.0912993590377917,7.8880217025234334,6.9389313769410066,4.5578511110573965,5.282738731024339,4.2421726728449825,3.9933890553434472,6.0682554749425659,3.9678561164165034,11.206132816860237,20.518871341334677,15.045757774183741,4.1987224674898833
R8_C1.jpg; T=135,0,6.2160390107936809,8.0361689535926288,7.1266793670210875,4.623188076013439,5.2908040808497594,4.2589680297348878,3.9557499247803314,5.8155612094872335,3.9516395189505058,13.296991670678535,20.234052414954785,13.908087321612058,3.2860704215310657
R8_C1.jpg; T=150,0,6.0270110926684817,7.8006488772273803,6.9585051956098267,4.5651190444847618,5.2558892733586129,4.2276996847810642,3.9741284425722201,5.951992696232117,4.0231697368487147,11.505336691023064,20.102389304648565,15.004811630182006,4.6032983303631916
R8_C1.jpg; T=180,0,6.5121095752587106,8.4933966450293124,7.5247161011062467,4.800259114936317,5.2683113147569545,4.0537068404439296,3.6726173278215182,5.3109115064692558,3.8468195042144848,16.235415995699046,19.200406812690847,13.378678944250087,1.7026503173233041
R8_C1.jpg; T=210,0,5.9250530240363846,7.7101710582805074,6.9083901146332076,4.5672567445920373,5.2788350462763658,4.2512267242074655,4.0113953552289194,6.0891643967139508,4.0274004257625489,11.445288381438349,19.93717272482256,15.059713892427707,4.7889321115799968
R8_C1.jpg; T=225,0,6.0609303391934404,7.9711178130751836,7.1543736178339437,4.6616423617305944,5.2933755647968805,4.2586331848306784,3.978959809131736,5.6578761280474987,3.8748309199850337,12.190106916903904,20.535519778728847,14.463246463131702,3.8993871026105613
R8_C1.jpg; T=240,0,5.9935175301630998,7.9212961869869831,7.1124311161836138,4.5504781625119044,5.1976802474321131,4.2471392306480373,4.0336006531440702,5.9017430594279334,3.890244220800295,12.393044704680559,19.857399742459585,14.727052691773949,4.1743724537878588
R8_C1.jpg; T=270,0,6.4665425305452144,8.6005895673827535,7.6631085895025901,4.7525433581279266,5.2215325396449161,4.0656157417761731,3.6577206283143089,5.1421999205439199,3.8003891217081334,19.586603588390123,18.929851033895023,10.818538043808372,1.2947653363605482
R8_C1.jpg; T=30,0,5.9210668930391428,7.7279178199559224,6.9039444989330754,4.5560127791888965,5.2549469974089034,4.2313898066388838,4.0086802044167404,6.0863400202879854,4.043461412607658,11.637938470243842,19.830750195342368,14.978385189834091,4.819165712102488
R8_C1.jpg; T=300,0,6.0913726325024102,7.8880650760115554,6.9389511130125436,4.5578495618594816,5.2827205996282043,4.2421555021789361,3.9933932016829088,6.0682213587386009,3.9678303840680136,11.206132431492053,20.518804495598683,15.045745807842223,4.198757835384388
R8_C1.jpg; T=315,0,6.2164095988372186,8.0363609615284251,7.1267564998365565,4.6232038011373033,5.2907718010705365,4.2588909413141485,3.9556397003058894,5.8153478847248312,3.9514711872371464,13.296978446964523,20.233997231632198,13.908147469071764,3.2860244763394588
R8_C1.jpg; T=330,0,6.0136101201668275,7.7944331926616419,6.9361278473480175,4.5568665309545739,5.2573510872414735,4.2301917168990819,3.9791736683132841,5.9746882152348055,4.0380862155941548,11.412041293330836,20.136467956302045,15.09921705179249,4.57174510416076
R8_C1.jpg; T=360,0,6.5113838031697586,8.486832656227639,7.5229935198663211,4.7998993813106754,5.2674123694761237,4.0528221103972468,3.6709042104856753,5.3091622466159718,3.855480366785895,16.505002732951382,18.9973611072502,13.342061578170405,1.6786839172927213
R8_C1.jpg; T=45,0,6.0608927530780372,7.9710812369445776,7.1543473941212365,4.6616327604770866,5.2933755621932992,4.2586412321352833,3.9789802255203655,5.6579321006664767,3.874912371095951,12.189248843657213,20.535217132760266,14.464543914206679,3.8991944731435333
R8_C1.jpg; T=60,0,5.9935379704989007,7.9213010822780481,7.112433886613295,4.5504831131594043,5.1976848604490993,4.247134017398337,4.0335894868613567,5.9017405383299781,3.8902845357511975,12.392996150482633,19.857633912179594,14.727129817524474,4.1740506284736769
R8_C1.jpg; T=90,0,6.464036665771526,8.6005761328970234,7.6616461843318016,4.7512548673999246,5.2197977705138658,4.063058937287817,3.6545492487685669,5.1440272406207992,3.8042692490156567,19.499651765178527,18.992537198460656,10.839495092767901,1.3050996469859366
R8_C2.jpg; T=120,0,6.2666977310862935,8.1042164484828962,7.1875527627478135,4.6659725142300026,4.0170821885571861,4.3330965577672496,4.0500842983844754,6.0584983501586365,4.059242325954056,12.285168873682435,19.719617996601809,14.930313163438456,4.3224567889087
R8_C2.jpg; T=135,0,6.4338000074631525,8.2811743984527233,7.2970085008131527,4.7228548318875125,4.0357826150412235,4.3370084769752033,4.04630192603181,5.8296192880212923,4.0541321381777529,12.014556779302909,20.37249842538089,14.860263401466046,3.7149992109863414
R8_C2.jpg; T=150,0,6.1316423450695501,7.9531740789761427,7.1403866366226687,4.6639430022827586,4.0152452606656519,4.3049796083259713,4.0496610620212206,6.1039063451900324,4.1551581853599311,11.428198859886253,19.8789734380738,15.157160843597445,5.0175703339285915
R8_C2.jpg; T=180,0,6.7931099425038877,8.8515548788455956,7.8473790761919222,4.9810496708642216,4.1215873371755682,4.1877641969209192,3.6849785222694655,5.1649054393985763,3.805333480762493,17.091825661077074,19.655098092520198,12.443174584063456,1.3722391174066211
R8_C2.jpg; T=210,0,6.4526481334054626,8.250919530683209,7.1390382570876554,4.6125840388285084,3.948943902105174,4.2365713153048015,4.0087795182258681,6.010198947642138,3.9748672734132526,11.552199537409315,19.116161362294172,15.945700725783686,4.7513874578167554
R8_C2.jpg; T=225,0,6.6116867575411069,8.5064921940332052,7.3513929683158121,4.6643777001427011,3.9350958013225625,4.2008497008288215,3.9722246400635934,5.8449367345760752,4.0081011217921114,12.523338176873894,19.670778221579805,15.137771055874364,3.5729549270559464
R8_C2.jpg; T=240,0,6.3920799302215485,8.2508923423437377,7.2223633365155155,4.5472774610609576,3.868570533034708,4.2251117479550873,4.0311439416810781,6.0118362246559824,4.1104885479579885,12.092589784714349,19.737794282515985,14.903865395163855,4.6059864721792145
R8_C2.jpg; T=270,0,6.7997893310158002,9.0285485903906224,7.9040791316620744,4.8485919293896131,3.9613667518904618,4.0693518741930363,3.6491836798999056,5.2622451089765381,3.9110487101754079,19.354179398815109,19.614007912877518,10.185052306780033,1.4125552739338587
R8_C2.jpg; T=30,0,6.4544756960101326,8.2781146735523912,7.13671017104586,4.6057722022864551,3.9512485423957999,4.2467033912946563,4.0093291149931964,5.9841771979501148,3.9645415121477416,11.591695304026574,19.102918446246921,15.909473333138651,4.7648404149114914
R8_C2.jpg; T=300,0,6.2667355922854853,8.1042624464004032,7.1876004043730903,4.6659897716383867,4.0170976904653948,4.3331281382125946,4.0501025608493455,6.0584044167341293,4.0591403757400784,12.285568212083991,19.720147692458305,14.929331507237684,4.3224911915210935
R8_C2.jpg; T=315,0,6.4340678844245627,8.2813417771739406,7.2970922965362064,4.7228696639042855,4.0357644053106334,4.3369720752056589,4.0462472638033669,5.8294029786429027,4.0539083627447905,12.014743689953544,20.372566854749998,14.860243320346186,3.7147794272039163
R8_C2.jpg; T=330,0,6.1211951844191734,7.9410440295824198,7.1293827140906645,4.6557328799177284,4.0146345256457874,4.3161444215214315,4.0633848063477336,6.1296579614204862,4.1652840341004405,11.446954773595989,19.752761188402147,15.324912243133006,4.9389112378230013
R8_C2.jpg; T=360,0,6.7966202266677316,8.856307477053015,7.8537451139272223,4.98558287209132,4.1240055635299804,4.1899525540186016,3.6852276103896688,5.1567449842659805,3.7985607962896064,17.002437684744109,19.634284617622971,12.521248178018038,1.3952823213817522
R8_C2.jpg; T=45,0,6.6120710576622859,8.5066680400323467,7.3514492263827407,4.6643781927012844,3.935064803653344,4.2007759453548434,3.9721105174968976,5.844717190310341,4.0079371507585462,12.523605693356044,19.670737041663461,15.137527174413355,3.5729579662144912
R8_C2.jpg; T=60,0,6.3921822007632851,8.2509048483178589,7.2223541295727873,4.5472644741169415,3.8685651271032935,4.2251001486512409,4.0311178875590086,6.0117848890324881,4.1105229099337723,12.092345825745275,19.73753687076249,14.903985531795676,4.6063351566458808
R8_C2.jpg; T=90,0,6.8005069016500457,9.0304279174543129,7.9027080903250297,4.8467307498641992,3.9601221083942151,4.0687631673802676,3.649146658158037,5.2617862299800198,3.9139666085904783,19.303245325604479,19.650422731357104,10.18945936976721,1.4227141414746118
R8_C3.jpg; T=120,0,6.8929834910099403,6.6177754918196623,7.6332598359064612,4.9167253430812838,4.2286254707135758,4.5272217285717558,3.3905691224193046,6.5100370076555096,3.8891779263395794,12.244480707909265,19.047799681467755,15.444670897563212,4.6566732955426984
R8_C3.jpg; T=135,0,7.149533015708232,6.7261777004310135,7.7571483017854526,4.9974079006148049,4.278139703239523,4.5832804436146484,3.375611766001605,6.1970731119029816,3.8695975964674094,11.806043897754044,20.218124389560305,15.350839312679426,3.6910228602405497
R8_C3.jpg; T=150,0,7.0877647735988845,6.5512394681490838,7.5942871760154258,4.89195494945929,4.2130463388651185,4.5386454320110925,3.3824057857966703,6.4192334701508198,3.8539749978335927,11.057420683660009,19.006548346062626,15.891731777255757,5.5117468011416175
R8_C3.jpg; T=180,0,7.8474265730056683,7.1966087089094364,8.2166749491809998,5.1588645039964085,4.2401107982820614,4.3104987606513223,3.0497462357142053,5.5324331308418557,3.7563632110953407,16.779140179107401,21.145407056808807,11.182881599964773,1.5838442924417162
R8_C3.jpg; T=210,0,7.163508696169318,6.5339584136141919,7.5091553273250424,4.8740433520979556,4.1685373571989004,4.4367853521848151,3.3251399449856147,6.4925781818839541,3.9442932198529297,11.70656804993912,20.051484670675297,14.92883911762973,4.8651083164431341
R8_C3.jpg; T=225,0,7.4292050771108951,6.8650247793242789,7.759186763495669,4.9412652530092993,4.1606097021750781,4.4119229837048231,3.309596501677321,6.1882303785943735,3.8794118317255393,11.448081522805564,19.725735791661226,15.91087909755865,3.9708503171572902
R8_C3.jpg; T=240,0,7.0237861960973271,6.5944876785258746,7.6250882106368598,4.869860870467833,4.1578020717964819,4.5238216842831758,3.4458232420016084,6.4968786589811911,3.9571223534569531,12.316920545169824,18.99938277113527,15.622667952172105,4.3663577652754775
R8_C3.jpg; T=270,0,7.2196336083123898,7.1671144678917065,8.2922159010905752,5.0848906432656351,4.1809900384965131,4.3663780420912817,3.1752730775668412,5.8272017310111117,3.8966743861028368,20.542441136043546,19.180907133222998,10.064539755371397,1.0017400795331679
R8_C3.jpg; T=30,0,7.1672970069781732,6.5256401487923252,7.5054225689847263,4.8730654362532784,4.1654811108067076,4.4361338808921733,3.3250266535712107,6.5032409715660098,3.9428797797027286,11.708338831829215,19.923489031749085,15.064321235767984,4.8596633431063747
R8_C3.jpg; T=300,0,6.8929540578122444,6.6178012859165776,7.6332847365521479,4.9167481289558372,4.2286390419120465,4.5272086195617911,3.3905619766759516,6.5100223194770086,3.8891497431375375,12.244532111972944,19.047814609503714,15.444532270725004,4.6567510977972004
R8_C3.jpg; T=315,0,7.1493237874811957,6.7261168516494498,7.7571408007597169,4.9974325653225353,4.2781771978008596,4.5833260211110147,3.3756438412296044,6.1972178403430362,3.8696351723676061,11.806023181090445,20.218512704810294,15.350568561618926,3.6908814744153009
R8_C3.jpg; T=330,0,7.0731145024635387,6.5248228309351735,7.5352583217147231,4.8703086524578731,4.2156666391275985,4.5481267487576931,3.3947486331240917,6.4500953226592399,3.8984175368323104,11.06745832701646,19.004864777043171,15.809588334997525,5.6075293728706015
R8_C3.jpg; T=360,0,7.8406596486354259,7.19509775332976,8.212691313148607,5.1549426875659945,4.2351942237243216,4.3072521264439168,3.0486217082209066,5.5296103935718346,3.7580289430498719,16.856977937885585,20.730409379566765,11.49441067084404,1.6361032140129448
R8_C3.jpg; T=45,0,7.4292885809777056,6.8650600704387994,7.7592067529247002,4.9412744484803763,4.1606044053253886,4.4118995634729652,3.3095714932122147,6.188164491451813,3.8793867351669133,11.447812491535466,19.725382949601922,15.911347023676722,3.9710009937350099
R8_C3.jpg; T=60,0,7.0238048458731415,6.5944930040358969,7.6251014380410824,4.8698621459049454,4.1578001295636025,4.5238342157107372,3.4458354083635601,6.4968868791574828,3.9570976609576896,12.31694945827268,18.999373909817852,15.622646620541177,4.3663142837601523
R8_C3.jpg; T=90,0,7.2220938637400076,7.1638782331090365,8.288879346986894,5.0833760455717023,4.1787051215193713,4.3637403317622585,3.1737609640273301,5.8276890548560276,3.898673286110097,20.596084160601208,19.09301573963689,10.094939923402496,1.0151639286766787
R8_C4.jpg; T=120,0,7.0307537702423426,6.6211040149516069,7.571729876244385,4.8721094208599034,4.1908934171753218,4.5114279237354538,3.4121278950086547,6.0453235949067201,4.3345782616171125,12.010196105779814,20.349999763813127,14.498586907440275,4.5511690482252787
R8_C4.jpg; T=135,0,7.2744735428552403,6.6565586440553339,7.6036169072488615,4.8339162904773536,4.1589630321516156,4.5323406543210663,3.4130130482415537,5.9723317199772907,4.4924957064406037,12.195506145697534,19.982536529889604,14.985299889219684,3.8989478894242655
R8_C4.jpg; T=150,0,7.0774238970374643,6.4815902356835604,7.5228592172774293,4.8496481009069541,4.2044214304740368,4.5941494862006245,3.4886598176050505,6.1432275483581114,4.3609620152334134,10.169724878153527,21.345375002300734,15.783344294530222,3.97861407623888
R8_C4.jpg; T=180,0,7.9125705387337337,7.1803744132061826,8.2598368990312014,5.165558725065889,4.2397891464584214,4.3357253801031979,3.1064696254795563,5.2445374699147269,4.0825740811342879,14.22305484643416,20.045207427018045,14.283579592749501,1.9207218546710985
R8_C4.jpg; T=210,0,7.0950250885840491,6.5419145476343212,7.5540635319882021,4.8988040352977364,4.1979990187985923,4.5299200451663069,3.4582254916645097,6.1023961337581101,4.1389232155708413,11.570130181268409,19.319176207214245,15.203489061217846,5.3899334418368232
R8_C4.jpg; T=225,0,7.2164204261033831,6.6474279412165203,7.6138050761911069,4.8767339243912025,4.1336849615398794,4.4730667064433112,3.428390332359335,5.9875738687219249,4.2721900198927116,11.685041524297107,19.49719776251959,16.278368618556573,3.8900988377673569
